9

6
Red
Green
Blue
Oragne
Pink
Cyan
1 2 3 4 5 6
2 1 3 4 5 6
2 3 1 4 5 6
1 2 3 4 5 6
3 4 1 2 5 6
4 2 3 1 5 6
3 5 1 2 3 6
6 1 2 3 4 5
6 2 1 3 4 5
6 3 2 1 4 5

1
alpha
1

1
beta
1
1

1
chi
1
1
1

3
John Doe
Jane Smith
Sirhan Sirhan
1 2 3
2 1 3
2 3 1
1 2 3
3 1 2

4
Red
Green
Blue
Orange
1 2 3 4
2 1 3 4
2 3 1 4
1 2 3 4
3 4 1 2
4 3 2 1

2
Brandon Salch
Josh Guan
1 2
1 2
1 2
1 2
1 2
2 1
2 1
2 1
2 1
2 1

3
A
B
C
1 2 3
1 2 3
1 2 3

6
Red
Green
Blue
Oragne
Pink
Cyan
1 2 3 4 5 6
2 1 3 4 5 6
2 3 1 4 5 6
1 2 3 4 5 6
3 4 1 2 5 6
4 2 3 1 5 6
3 5 1 2 3 6
6 1 2 3 4 5
6 2 1 3 4 5
6 3 2 1 4 5
1 2 3 4 5 6
2 1 3 4 5 6
2 3 1 4 5 6
1 2 3 4 5 6
4 2 3 1 5 6
3 5 1 2 3 6
6 1 2 3 4 5
6 2 1 3 4 5
1 2 3 4 5 6
2 1 3 4 5 6
2 3 1 4 5 6
1 2 3 4 5 6
3 4 1 2 5 6
4 2 3 1 5 6
3 5 1 2 3 6
6 1 2 3 4 5
6 2 1 3 4 5
6 3 2 1 4 5
1 2 3 4 5 6
2 1 3 4 5 6
2 3 1 4 5 6
1 2 3 4 5 6
4 2 3 1 5 6
3 5 1 2 3 6
6 1 2 3 4 5
6 2 1 3 4 5
1 2 3 4 5 6
2 1 3 4 5 6
2 3 1 4 5 6
1 2 3 4 5 6
3 4 1 2 5 6
4 2 3 1 5 6
3 5 1 2 3 6
6 1 2 3 4 5
6 2 1 3 4 5
6 3 2 1 4 5
1 2 3 4 5 6
2 1 3 4 5 6
2 3 1 4 5 6
1 2 3 4 5 6
4 2 3 1 5 6
3 5 1 2 3 6
6 1 2 3 4 5
6 2 1 3 4 5
1 2 3 4 5 6
2 1 3 4 5 6
2 3 1 4 5 6
1 2 3 4 5 6
3 4 1 2 5 6
4 2 3 1 5 6
3 5 1 2 3 6
6 1 2 3 4 5
6 2 1 3 4 5
6 3 2 1 4 5
1 2 3 4 5 6
2 1 3 4 5 6
2 3 1 4 5 6
1 2 3 4 5 6
4 2 3 1 5 6
3 5 1 2 3 6
6 1 2 3 4 5
6 2 1 3 4 5
1 2 3 4 5 6
2 1 3 4 5 6
2 3 1 4 5 6
1 2 3 4 5 6
3 4 1 2 5 6
4 2 3 1 5 6
3 5 1 2 3 6
6 1 2 3 4 5
6 2 1 3 4 5
6 3 2 1 4 5
1 2 3 4 5 6
2 1 3 4 5 6
2 3 1 4 5 6
1 2 3 4 5 6
4 2 3 1 5 6
3 5 1 2 3 6
6 1 2 3 4 5
6 2 1 3 4 5
1 2 3 4 5 6
2 1 3 4 5 6
2 3 1 4 5 6
1 2 3 4 5 6
3 4 1 2 5 6
4 2 3 1 5 6
3 5 1 2 3 6
6 1 2 3 4 5
6 2 1 3 4 5
6 3 2 1 4 5
1 2 3 4 5 6
2 1 3 4 5 6
2 3 1 4 5 6
1 2 3 4 5 6
4 2 3 1 5 6
3 5 1 2 3 6
6 1 2 3 4 5
6 2 1 3 4 5
1 2 3 4 5 6
2 1 3 4 5 6
2 3 1 4 5 6
1 2 3 4 5 6
4 2 3 1 5 6
3 5 1 2 3 6
6 1 2 3 4 5
2 1 3 4 5 6
2 3 1 4 5 6
1 2 3 4 5 6
4 2 3 1 5 6
3 5 1 2 3 6
6 1 2 3 4 5
6 2 1 3 4 5
1 2 3 4 5 6
2 1 3 4 5 6
2 3 1 4 5 6
1 2 3 4 5 6
3 4 1 2 5 6
4 2 3 1 5 6
3 5 1 2 3 6
6 1 2 3 4 5
6 2 1 3 4 5
6 3 2 1 4 5
1 2 3 4 5 6
2 1 3 4 5 6
2 3 1 4 5 6
1 2 3 4 5 6
4 2 3 1 5 6
3 5 1 2 3 6
6 1 2 3 4 5
6 2 1 3 4 5
1 2 3 4 5 6
2 1 3 4 5 6
2 3 1 4 5 6
1 2 3 4 5 6
4 2 3 1 5 6
3 5 1 2 3 6
6 1 2 3 4 5
1 2 3 4 5 6
2 1 3 4 5 6
2 3 1 4 5 6
1 2 3 4 5 6
3 4 1 2 5 6
4 2 3 1 5 6
3 5 1 2 3 6
6 1 2 3 4 5
6 2 1 3 4 5
6 3 2 1 4 5
1 2 3 4 5 6
2 1 3 4 5 6
2 3 1 4 5 6
1 2 3 4 5 6
4 2 3 1 5 6
3 5 1 2 3 6
6 1 2 3 4 5
6 2 1 3 4 5
1 2 3 4 5 6
2 1 3 4 5 6
2 3 1 4 5 6
1 2 3 4 5 6
3 4 1 2 5 6
4 2 3 1 5 6
3 5 1 2 3 6
6 1 2 3 4 5
6 2 1 3 4 5
6 3 2 1 4 5
1 2 3 4 5 6
2 1 3 4 5 6
2 3 1 4 5 6
1 2 3 4 5 6
4 2 3 1 5 6
3 5 1 2 3 6
6 1 2 3 4 5
6 2 1 3 4 5
1 2 3 4 5 6
2 1 3 4 5 6
2 3 1 4 5 6
1 2 3 4 5 6
3 4 1 2 5 6
4 2 3 1 5 6
3 5 1 2 3 6
6 1 2 3 4 5
6 2 1 3 4 5
6 3 2 1 4 5
1 2 3 4 5 6
2 1 3 4 5 6
2 3 1 4 5 6
1 2 3 4 5 6
4 2 3 1 5 6
3 5 1 2 3 6
6 1 2 3 4 5
6 2 1 3 4 5
1 2 3 4 5 6
2 1 3 4 5 6
2 3 1 4 5 6
1 2 3 4 5 6
3 4 1 2 5 6
4 2 3 1 5 6
3 5 1 2 3 6
6 1 2 3 4 5
6 2 1 3 4 5
6 3 2 1 4 5
1 2 3 4 5 6
2 1 3 4 5 6
2 3 1 4 5 6
1 2 3 4 5 6
4 2 3 1 5 6
3 5 1 2 3 6
6 1 2 3 4 5
6 2 1 3 4 5
1 2 3 4 5 6
2 1 3 4 5 6
2 3 1 4 5 6
1 2 3 4 5 6
3 4 1 2 5 6
4 2 3 1 5 6
3 5 1 2 3 6
6 1 2 3 4 5
6 2 1 3 4 5
6 3 2 1 4 5
1 2 3 4 5 6
2 1 3 4 5 6
2 3 1 4 5 6
1 2 3 4 5 6
4 2 3 1 5 6
3 5 1 2 3 6
6 1 2 3 4 5
6 2 1 3 4 5
1 2 3 4 5 6
2 1 3 4 5 6
2 3 1 4 5 6
1 2 3 4 5 6
3 4 1 2 5 6
4 2 3 1 5 6
3 5 1 2 3 6
6 1 2 3 4 5
6 2 1 3 4 5
6 3 2 1 4 5
1 2 3 4 5 6
2 1 3 4 5 6
2 3 1 4 5 6
1 2 3 4 5 6
4 2 3 1 5 6
3 5 1 2 3 6
6 1 2 3 4 5
6 2 1 3 4 5
1 2 3 4 5 6
2 1 3 4 5 6
2 3 1 4 5 6
1 2 3 4 5 6
4 2 3 1 5 6
3 5 1 2 3 6
6 1 2 3 4 5
2 1 3 4 5 6
2 3 1 4 5 6
1 2 3 4 5 6
4 2 3 1 5 6
3 5 1 2 3 6
6 1 2 3 4 5
6 2 1 3 4 5
1 2 3 4 5 6
2 1 3 4 5 6
2 3 1 4 5 6
1 2 3 4 5 6
3 4 1 2 5 6
4 2 3 1 5 6
3 5 1 2 3 6
6 1 2 3 4 5
6 2 1 3 4 5
6 3 2 1 4 5
1 2 3 4 5 6
2 1 3 4 5 6
2 3 1 4 5 6
1 2 3 4 5 6
4 2 3 1 5 6
3 5 1 2 3 6
6 1 2 3 4 5
6 2 1 3 4 5
1 2 3 4 5 6
2 1 3 4 5 6
2 3 1 4 5 6
1 2 3 4 5 6
4 2 3 1 5 6
3 5 1 2 3 6
6 1 2 3 4 5
4 3 2 1 5 6
1 2 3 4 5 6
2 1 3 4 5 6
2 3 1 4 5 6
1 2 3 4 5 6
3 4 1 2 5 6
4 2 3 1 5 6
3 5 1 2 3 6
6 1 2 3 4 5
6 2 1 3 4 5
6 3 2 1 4 5
1 2 3 4 5 6
2 1 3 4 5 6
2 3 1 4 5 6
1 2 3 4 5 6
4 2 3 1 5 6
3 5 1 2 3 6
6 1 2 3 4 5
6 2 1 3 4 5
1 2 3 4 5 6
2 1 3 4 5 6
2 3 1 4 5 6
1 2 3 4 5 6
3 4 1 2 5 6
4 2 3 1 5 6
3 5 1 2 3 6
6 1 2 3 4 5
6 2 1 3 4 5
6 3 2 1 4 5
1 2 3 4 5 6
2 1 3 4 5 6
2 3 1 4 5 6
1 2 3 4 5 6
4 2 3 1 5 6
3 5 1 2 3 6
6 1 2 3 4 5
6 2 1 3 4 5
1 2 3 4 5 6
2 1 3 4 5 6
2 3 1 4 5 6
1 2 3 4 5 6
3 4 1 2 5 6
4 2 3 1 5 6
3 5 1 2 3 6
6 1 2 3 4 5
6 2 1 3 4 5
6 3 2 1 4 5
1 2 3 4 5 6
2 1 3 4 5 6
2 3 1 4 5 6
1 2 3 4 5 6
4 2 3 1 5 6
3 5 1 2 3 6
6 1 2 3 4 5
6 2 1 3 4 5
1 2 3 4 5 6
2 1 3 4 5 6
2 3 1 4 5 6
1 2 3 4 5 6
3 4 1 2 5 6
4 2 3 1 5 6
3 5 1 2 3 6
6 1 2 3 4 5
6 2 1 3 4 5
6 3 2 1 4 5
1 2 3 4 5 6
2 1 3 4 5 6
2 3 1 4 5 6
1 2 3 4 5 6
4 2 3 1 5 6
3 5 1 2 3 6
6 1 2 3 4 5
6 2 1 3 4 5
1 2 3 4 5 6
2 1 3 4 5 6
2 3 1 4 5 6
1 2 3 4 5 6
3 4 1 2 5 6
4 2 3 1 5 6
3 5 1 2 3 6
6 1 2 3 4 5
6 2 1 3 4 5
6 3 2 1 4 5
1 2 3 4 5 6
2 1 3 4 5 6
2 3 1 4 5 6
1 2 3 4 5 6
4 2 3 1 5 6
3 5 1 2 3 6
6 1 2 3 4 5
6 2 1 3 4 5
1 2 3 4 5 6
2 1 3 4 5 6
2 3 1 4 5 6
1 2 3 4 5 6
3 4 1 2 5 6
4 2 3 1 5 6
3 5 1 2 3 6
6 1 2 3 4 5
6 2 1 3 4 5
6 3 2 1 4 5
1 2 3 4 5 6
2 1 3 4 5 6
2 3 1 4 5 6
1 2 3 4 5 6
4 2 3 1 5 6
3 5 1 2 3 6
6 1 2 3 4 5
6 2 1 3 4 5
1 2 3 4 5 6
2 1 3 4 5 6
2 3 1 4 5 6
1 2 3 4 5 6
4 2 3 1 5 6
3 5 1 2 3 6
6 1 2 3 4 5
2 1 3 4 5 6
2 3 1 4 5 6
1 2 3 4 5 6
4 2 3 1 5 6
3 5 1 2 3 6
6 1 2 3 4 5
6 2 1 3 4 5
1 2 3 4 5 6
2 1 3 4 5 6
2 3 1 4 5 6
1 2 3 4 5 6
3 4 1 2 5 6
4 2 3 1 5 6
3 5 1 2 3 6
6 1 2 3 4 5
6 2 1 3 4 5
6 3 2 1 4 5
1 2 3 4 5 6
2 1 3 4 5 6
2 3 1 4 5 6
1 2 3 4 5 6
4 2 3 1 5 6
3 5 1 2 3 6
6 1 2 3 4 5
6 2 1 3 4 5
1 2 3 4 5 6
2 1 3 4 5 6
2 3 1 4 5 6
1 2 3 4 5 6
4 2 3 1 5 6
3 5 1 2 3 6
6 1 2 3 4 5
1 2 3 4 5 6
2 1 3 4 5 6
2 3 1 4 5 6
1 2 3 4 5 6
3 4 1 2 5 6
4 2 3 1 5 6
3 5 1 2 3 6
6 1 2 3 4 5
6 2 1 3 4 5
6 3 2 1 4 5
1 2 3 4 5 6
2 1 3 4 5 6
2 3 1 4 5 6
1 2 3 4 5 6
4 2 3 1 5 6
3 5 1 2 3 6
6 1 2 3 4 5
6 2 1 3 4 5
1 2 3 4 5 6
2 1 3 4 5 6
2 3 1 4 5 6
1 2 3 4 5 6
3 4 1 2 5 6
4 2 3 1 5 6
3 5 1 2 3 6
6 1 2 3 4 5
6 2 1 3 4 5
6 3 2 1 4 5
1 2 3 4 5 6
2 1 3 4 5 6
2 3 1 4 5 6
1 2 3 4 5 6
4 2 3 1 5 6
3 5 1 2 3 6
6 1 2 3 4 5
6 2 1 3 4 5
1 2 3 4 5 6
2 1 3 4 5 6
2 3 1 4 5 6
1 2 3 4 5 6
3 4 1 2 5 6
4 2 3 1 5 6
3 5 1 2 3 6
6 1 2 3 4 5
6 2 1 3 4 5
6 3 2 1 4 5
1 2 3 4 5 6
2 1 3 4 5 6
2 3 1 4 5 6
1 2 3 4 5 6
4 2 3 1 5 6
3 5 1 2 3 6
6 1 2 3 4 5
6 2 1 3 4 5
1 2 3 4 5 6
2 1 3 4 5 6
2 3 1 4 5 6
1 2 3 4 5 6
3 4 1 2 5 6
4 2 3 1 5 6
3 5 1 2 3 6
6 1 2 3 4 5
6 2 1 3 4 5
6 3 2 1 4 5
1 2 3 4 5 6
2 1 3 4 5 6
2 3 1 4 5 6
1 2 3 4 5 6
4 2 3 1 5 6
3 5 1 2 3 6
6 1 2 3 4 5
6 2 1 3 4 5
1 2 3 4 5 6
2 1 3 4 5 6
2 3 1 4 5 6
1 2 3 4 5 6
3 4 1 2 5 6
4 2 3 1 5 6
3 5 1 2 3 6
6 1 2 3 4 5
6 2 1 3 4 5
6 3 2 1 4 5
1 2 3 4 5 6
2 1 3 4 5 6
2 3 1 4 5 6
1 2 3 4 5 6
4 2 3 1 5 6
3 5 1 2 3 6
6 1 2 3 4 5
6 2 1 3 4 5
1 2 3 4 5 6
2 1 3 4 5 6
2 3 1 4 5 6
1 2 3 4 5 6
3 4 1 2 5 6
4 2 3 1 5 6
3 5 1 2 3 6
6 1 2 3 4 5
6 2 1 3 4 5
6 3 2 1 4 5
1 2 3 4 5 6
2 1 3 4 5 6
2 3 1 4 5 6
1 2 3 4 5 6
4 2 3 1 5 6
3 5 1 2 3 6
6 1 2 3 4 5
6 2 1 3 4 5
1 2 3 4 5 6
2 1 3 4 5 6
2 3 1 4 5 6
1 2 3 4 5 6
4 2 3 1 5 6
3 5 1 2 3 6
6 1 2 3 4 5
2 1 3 4 5 6
2 3 1 4 5 6
1 2 3 4 5 6
4 2 3 1 5 6
3 5 1 2 3 6
6 1 2 3 4 5
6 2 1 3 4 5
1 2 3 4 5 6
2 1 3 4 5 6
2 3 1 4 5 6
1 2 3 4 5 6
3 4 1 2 5 6
4 2 3 1 5 6
3 5 1 2 3 6
6 1 2 3 4 5
6 2 1 3 4 5
6 3 2 1 4 5
1 2 3 4 5 6
2 1 3 4 5 6
2 3 1 4 5 6
1 2 3 4 5 6
4 2 3 1 5 6
3 5 1 2 3 6
6 1 2 3 4 5
6 2 1 3 4 5
1 2 3 4 5 6
2 1 3 4 5 6
2 3 1 4 5 6
1 2 3 4 5 6
4 2 3 1 5 6
3 5 1 2 3 6
6 1 2 3 4 5
4 3 2 1 5 6
1 2 3 4 5 6
2 1 3 4 5 6
2 3 1 4 5 6
1 2 3 4 5 6
3 4 1 2 5 6
4 2 3 1 5 6
3 5 1 2 3 6
6 1 2 3 4 5
6 2 1 3 4 5
6 3 2 1 4 5
1 2 3 4 5 6
2 1 3 4 5 6
2 3 1 4 5 6
1 2 3 4 5 6
4 2 3 1 5 6
3 5 1 2 3 6
6 1 2 3 4 5
6 2 1 3 4 5
1 2 3 4 5 6
2 1 3 4 5 6
2 3 1 4 5 6
1 2 3 4 5 6
3 4 1 2 5 6
4 2 3 1 5 6
3 5 1 2 3 6
6 1 2 3 4 5
6 2 1 3 4 5
6 3 2 1 4 5
1 2 3 4 5 6
2 1 3 4 5 6
2 3 1 4 5 6
1 2 3 4 5 6
4 2 3 1 5 6
3 5 1 2 3 6
6 1 2 3 4 5
6 2 1 3 4 5
1 2 3 4 5 6
2 1 3 4 5 6
2 3 1 4 5 6
1 2 3 4 5 6
3 4 1 2 5 6
4 2 3 1 5 6
3 5 1 2 3 6
6 1 2 3 4 5
6 2 1 3 4 5
6 3 2 1 4 5
1 2 3 4 5 6
2 1 3 4 5 6
2 3 1 4 5 6
1 2 3 4 5 6
4 2 3 1 5 6
3 5 1 2 3 6
6 1 2 3 4 5
6 2 1 3 4 5
1 2 3 4 5 6
2 1 3 4 5 6
2 3 1 4 5 6
1 2 3 4 5 6
3 4 1 2 5 6
4 2 3 1 5 6
3 5 1 2 3 6
6 1 2 3 4 5
6 2 1 3 4 5
6 3 2 1 4 5
1 2 3 4 5 6
2 1 3 4 5 6
2 3 1 4 5 6
1 2 3 4 5 6
4 2 3 1 5 6
3 5 1 2 3 6
6 1 2 3 4 5
6 2 1 3 4 5
1 2 3 4 5 6
2 1 3 4 5 6
2 3 1 4 5 6
1 2 3 4 5 6
3 4 1 2 5 6
4 2 3 1 5 6
3 5 1 2 3 6
6 1 2 3 4 5
6 2 1 3 4 5
6 3 2 1 4 5
1 2 3 4 5 6
2 1 3 4 5 6
2 3 1 4 5 6
1 2 3 4 5 6
4 2 3 1 5 6
3 5 1 2 3 6
6 1 2 3 4 5
6 2 1 3 4 5
1 2 3 4 5 6
2 1 3 4 5 6
2 3 1 4 5 6
1 2 3 4 5 6
3 4 1 2 5 6
4 2 3 1 5 6
3 5 1 2 3 6
6 1 2 3 4 5
6 2 1 3 4 5
6 3 2 1 4 5
1 2 3 4 5 6
2 1 3 4 5 6
2 3 1 4 5 6
1 2 3 4 5 6
4 2 3 1 5 6
3 5 1 2 3 6
6 1 2 3 4 5
6 2 1 3 4 5
1 2 3 4 5 6
2 1 3 4 5 6
2 3 1 4 5 6
1 2 3 4 5 6
4 2 3 1 5 6
3 5 1 2 3 6
6 1 2 3 4 5
2 1 3 4 5 6
2 3 1 4 5 6
1 2 3 4 5 6
4 2 3 1 5 6
3 5 1 2 3 6
6 1 2 3 4 5
6 2 1 3 4 5
1 2 3 4 5 6
2 1 3 4 5 6
2 3 1 4 5 6
1 2 3 4 5 6
3 4 1 2 5 6
4 2 3 1 5 6
3 5 1 2 3 6
6 1 2 3 4 5
6 2 1 3 4 5
6 3 2 1 4 5
1 2 3 4 5 6
2 1 3 4 5 6
2 3 1 4 5 6
1 2 3 4 5 6
4 2 3 1 5 6
3 5 1 2 3 6
6 1 2 3 4 5
6 2 1 3 4 5
1 2 3 4 5 6
2 1 3 4 5 6
2 3 1 4 5 6
1 2 3 4 5 6
4 2 3 1 5 6
3 5 1 2 3 6
6 1 2 3 4 5
1 2 3 4 5 6
2 1 3 4 5 6
2 3 1 4 5 6
1 2 3 4 5 6
3 4 1 2 5 6
4 2 3 1 5 6
3 5 1 2 3 6
6 1 2 3 4 5
6 2 1 3 4 5
6 3 2 1 4 5
1 2 3 4 5 6
2 1 3 4 5 6
2 3 1 4 5 6
1 2 3 4 5 6
4 2 3 1 5 6
3 5 1 2 3 6
6 1 2 3 4 5
6 2 1 3 4 5
1 2 3 4 5 6
2 1 3 4 5 6
2 3 1 4 5 6
1 2 3 4 5 6
3 4 1 2 5 6
4 2 3 1 5 6
3 5 1 2 3 6
6 1 2 3 4 5
6 2 1 3 4 5
6 3 2 1 4 5
1 2 3 4 5 6
2 1 3 4 5 6
2 3 1 4 5 6
1 2 3 4 5 6
4 2 3 1 5 6
3 5 1 2 3 6
6 1 2 3 4 5
6 2 1 3 4 5
1 2 3 4 5 6
2 1 3 4 5 6
2 3 1 4 5 6
1 2 3 4 5 6
3 4 1 2 5 6
4 2 3 1 5 6
3 5 1 2 3 6
6 1 2 3 4 5
6 2 1 3 4 5
6 3 2 1 4 5
1 2 3 4 5 6
2 1 3 4 5 6
2 3 1 4 5 6
1 2 3 4 5 6
4 2 3 1 5 6
3 5 1 2 3 6
6 1 2 3 4 5
6 2 1 3 4 5
1 2 3 4 5 6
2 1 3 4 5 6
2 3 1 4 5 6
1 2 3 4 5 6
3 4 1 2 5 6
4 2 3 1 5 6
3 5 1 2 3 6
6 1 2 3 4 5
6 2 1 3 4 5
6 3 2 1 4 5
1 2 3 4 5 6
2 1 3 4 5 6
2 3 1 4 5 6
1 2 3 4 5 6
4 2 3 1 5 6
3 5 1 2 3 6
6 1 2 3 4 5
6 2 1 3 4 5
1 2 3 4 5 6
2 1 3 4 5 6
2 3 1 4 5 6
1 2 3 4 5 6
3 4 1 2 5 6
4 2 3 1 5 6
3 5 1 2 3 6
6 1 2 3 4 5
6 2 1 3 4 5
6 3 2 1 4 5
1 2 3 4 5 6
2 1 3 4 5 6
2 3 1 4 5 6
1 2 3 4 5 6
4 2 3 1 5 6
3 5 1 2 3 6
6 1 2 3 4 5
6 2 1 3 4 5
1 2 3 4 5 6
2 1 3 4 5 6
2 3 1 4 5 6
1 2 3 4 5 6
3 4 1 2 5 6
4 2 3 1 5 6
3 5 1 2 3 6
6 1 2 3 4 5
6 2 1 3 4 5
6 3 2 1 4 5
1 2 3 4 5 6
2 1 3 4 5 6
2 3 1 4 5 6
1 2 3 4 5 6
4 2 3 1 5 6
3 5 1 2 3 6
6 1 2 3 4 5
6 2 1 3 4 5
1 2 3 4 5 6
2 1 3 4 5 6
2 3 1 4 5 6
1 2 3 4 5 6
4 2 3 1 5 6
3 5 1 2 3 6
6 1 2 3 4 5
2 1 3 4 5 6
2 3 1 4 5 6
1 2 3 4 5 6
4 2 3 1 5 6
3 5 1 2 3 6
6 1 2 3 4 5
6 2 1 3 4 5
1 2 3 4 5 6
2 1 3 4 5 6
2 3 1 4 5 6
1 2 3 4 5 6
3 4 1 2 5 6
4 2 3 1 5 6
3 5 1 2 3 6
6 1 2 3 4 5
6 2 1 3 4 5
6 3 2 1 4 5
1 2 3 4 5 6
2 1 3 4 5 6
2 3 1 4 5 6
1 2 3 4 5 6
4 2 3 1 5 6
3 5 1 2 3 6
6 1 2 3 4 5
6 2 1 3 4 5
1 2 3 4 5 6
2 1 3 4 5 6
2 3 1 4 5 6
1 2 3 4 5 6
4 2 3 1 5 6
3 5 1 2 3 6
6 1 2 3 4 5
4 3 2 1 5 6
2 3 1 4 5 6
1 2 3 4 5 6
3 4 1 2 5 6
4 2 3 1 5 6
3 5 1 2 3 6
6 1 2 3 4 5
6 2 1 3 4 5
6 3 2 1 4 5
1 2 3 4 5 6
2 1 3 4 5 6
2 3 1 4 5 6
1 2 3 4 5 6
4 2 3 1 5 6
3 5 1 2 3 6
6 1 2 3 4 5
6 2 1 3 4 5
1 2 3 4 5 6
2 1 3 4 5 6
2 3 1 4 5 6
1 2 3 4 5 6
4 2 3 1 5 6
3 5 1 2 3 6
6 1 2 3 4 5
2 1 3 4 5 6
2 3 1 4 5 6
1 2 3 4 5 6
4 2 3 1 5 6
3 5 1 2 3 6
6 1 2 3 4 5
6 2 1 3 4 5
1 2 3 4 5 6
2 1 3 4 5 6
2 3 1 4 5 6
1 2 3 4 5 6
3 4 1 2 5 6
4 2 3 1 5 6
3 5 1 2 3 6
6 1 2 3 4 5
6 2 1 3 4 5
6 3 2 1 4 5
1 2 3 4 5 6
2 1 3 4 5 6
2 3 1 4 5 6
1 2 3 4 5 6
4 2 3 1 5 6
3 5 1 2 3 6
6 1 2 3 4 5
6 2 1 3 4 5
1 2 3 4 5 6
2 1 3 i 5 6
2 3 1 4 5 6
1 2 3 4 5 6
4 2 3 1 5 6
3 5 1 2 3 6
6 1 2 3 4 5
