5

5
Lustful Pigeon
Stinky Pelican
Bold Lark
Obstinate Dinosaur
Quixotic Horse
3 4 5 2 1 
1 2 5 4 3 
4 3 2 1 5 
3 1 2 4 5 
4 5 2 3 1 
1 4 2 3 5 
5 1 2 3 4 
3 1 2 5 4 
1 5 2 4 3 
2 1 3 4 5 
1 4 3 5 2 
2 4 1 5 3 
2 5 3 4 1 
4 2 5 1 3 
3 5 1 2 4 
2 4 1 3 5 
2 4 5 1 3 
5 4 2 1 3 
5 2 3 4 1 
5 2 3 1 4 
1 5 2 4 3 
3 4 2 5 1 
2 3 1 5 4 
4 2 1 5 3 
5 2 3 1 4 
2 3 4 1 5 
4 3 1 5 2 
1 3 4 5 2 
2 4 1 3 5 
3 1 5 4 2 
1 4 2 5 3 
4 1 2 3 5 
5 1 4 2 3 
4 1 3 5 2 
4 5 1 3 2 
5 4 2 1 3 
5 2 3 1 4 
2 4 5 1 3 
2 5 1 3 4 
4 5 3 1 2 
2 4 5 1 3 
2 5 4 3 1 
3 2 5 4 1 
2 1 5 4 3 
5 3 4 2 1 
5 4 2 3 1 
4 3 1 5 2 
2 5 1 4 3 
3 4 1 2 5 
5 3 1 4 2 
3 4 5 2 1 
3 4 5 2 1 
4 5 3 1 2 
5 1 4 3 2 
4 1 3 2 5 
1 4 3 5 2 
1 4 2 5 3 
4 5 1 2 3 
3 5 1 2 4 
3 4 2 1 5 
3 4 2 1 5 
2 3 1 5 4 
3 5 4 2 1 
2 3 1 5 4 
3 1 4 5 2 
2 5 4 3 1 
3 4 1 5 2 
2 1 4 3 5 
3 1 5 4 2 
1 4 3 2 5 
2 1 3 4 5 
5 3 1 4 2 
1 4 5 3 2 
4 1 5 3 2 
1 2 3 5 4 
1 2 5 3 4 
3 1 5 2 4 
3 4 1 2 5 
3 5 1 2 4 
4 3 2 5 1 
3 2 1 4 5 
2 4 5 1 3 
1 3 2 4 5 
1 5 2 4 3 
1 2 4 5 3 
1 2 4 3 5 
3 4 1 2 5 
4 1 3 5 2 
4 1 2 5 3 
1 5 4 3 2 
5 1 4 3 2 
3 5 4 2 1 
4 2 5 1 3 
1 3 5 4 2 
4 3 2 1 5 
5 2 1 4 3 
2 5 3 1 4 
4 1 5 3 2 
1 2 4 3 5 
4 5 1 2 3 
4 2 5 3 1 
3 2 5 4 1 
5 4 1 2 3 
5 3 2 4 1 
1 4 5 2 3 
4 2 1 3 5 
3 5 4 2 1 
1 3 2 5 4 
3 2 1 5 4 
1 2 4 5 3 
5 2 1 3 4 
4 5 3 2 1 
5 4 3 1 2 
2 1 4 3 5 
2 5 3 1 4 
1 4 2 5 3 
1 2 3 4 5 
4 5 2 1 3 
5 1 3 4 2 
4 1 5 3 2 
1 3 4 5 2 
2 1 5 4 3 
3 4 2 1 5 
5 3 4 1 2 
4 1 3 2 5 
3 2 5 4 1 
1 3 5 2 4 
4 2 3 1 5 
2 5 3 4 1 
5 1 2 3 4 
2 4 1 5 3 
2 3 5 1 4 
3 4 2 1 5 
5 1 4 2 3 
4 2 3 1 5 
5 1 3 4 2 
2 3 5 4 1 
5 4 1 3 2 
4 3 1 2 5 
4 5 3 1 2 
1 5 4 3 2 
1 5 4 2 3 
3 2 4 1 5 
1 3 2 4 5 
5 2 3 1 4 
2 4 1 3 5 
2 1 3 4 5 
5 4 1 3 2 
4 3 2 5 1 
5 1 2 4 3 
4 2 5 3 1 
2 3 4 5 1 
5 2 1 4 3 
2 3 4 5 1 
5 3 4 1 2 
1 4 2 3 5 
1 2 4 3 5 
3 5 4 2 1 
5 2 4 1 3 
2 3 4 5 1 
3 2 1 5 4 
2 3 1 4 5 
5 3 2 1 4 
5 2 4 3 1 
5 2 4 3 1 
3 1 2 4 5 
3 2 4 5 1 
3 2 5 1 4 
1 5 3 4 2 
5 2 1 3 4 
1 2 4 5 3 
5 3 4 2 1 
3 1 5 4 2 
4 2 1 5 3 
4 1 3 5 2 
5 2 3 4 1 
1 2 4 5 3 
1 2 3 4 5 
4 2 1 3 5 
3 2 4 1 5 
4 5 3 1 2 
5 1 3 4 2 
4 5 3 1 2 
4 5 2 1 3 
5 3 2 1 4 
4 3 1 2 5 
4 1 2 5 3 
3 4 5 2 1 
1 2 3 4 5 
2 4 5 1 3 
1 5 3 4 2 
1 2 4 5 3 
1 2 4 3 5 
4 2 1 5 3 
5 1 3 4 2 
2 5 3 4 1 
3 5 1 2 4 
4 3 2 1 5 
2 5 4 1 3 
4 3 1 2 5 

19
Helpful ReDead
Quixotic Alien
Burgeois Chipmunk
Sticky Kitten
Clever Elephant
Fake Hedgehog
Bold Horse
Weird Rat
Sticky Zebra
Fake Horse
Flat Goat
Speedy Seagull
Speedy Squirrel
Organic Squirrel
Speedy Cat
Mature Hawk
Final Dinosaur
Needy Child
Coherent Wyvern
6 17 2 14 12 3 4 19 18 13 7 9 5 1 8 16 11 15 10 
14 7 10 6 9 12 5 4 18 11 13 8 17 2 15 19 1 16 3 
15 12 6 11 17 4 2 18 9 7 16 10 19 14 3 13 1 5 8 
7 9 13 10 3 2 15 8 16 19 17 18 11 14 12 6 5 1 4 
3 14 12 8 7 13 16 18 9 15 1 17 2 5 6 4 11 10 19 
14 1 7 2 9 16 18 11 19 17 6 4 8 15 12 3 10 13 5 
19 1 8 11 17 5 18 4 12 9 2 13 10 6 7 14 15 3 16 
5 17 8 11 7 3 14 9 10 2 19 13 6 15 18 16 4 1 12 
2 12 11 16 9 19 17 3 10 1 18 7 15 5 4 13 6 8 14 
5 2 9 15 19 18 13 16 8 12 7 1 11 3 17 4 14 10 6 
15 17 4 16 7 3 13 19 9 14 10 11 5 12 2 18 6 1 8 
13 1 10 8 9 3 14 12 16 11 18 2 6 7 19 17 5 4 15 
15 9 18 17 13 12 10 3 1 7 16 2 6 8 14 19 11 4 5 
18 10 12 19 17 11 4 13 16 15 7 2 3 8 1 9 5 6 14 
6 12 19 7 16 11 17 2 15 10 8 3 9 14 13 1 5 4 18 
14 16 2 1 3 4 19 8 7 12 6 17 5 18 11 9 10 15 13 
13 18 10 6 5 4 19 9 16 3 8 7 15 12 2 1 11 14 17 
9 5 8 1 2 13 19 12 16 17 10 18 14 15 6 11 4 7 3 

2
Staunch Spaghetti
Prowling Kitten
1 2 
2 1 
1 2 
2 1 
2 1 
1 2 
1 2 
2 1 
1 2 
1 2 
2 1 
2 1 
1 2 
1 2 
2 1 
1 2 
2 1 
1 2 
2 1 
2 1 
2 1 
2 1 
2 1 
2 1 
2 1 
1 2 
2 1 
1 2 
2 1 
1 2 
1 2 
1 2 
2 1 
2 1 
2 1 
1 2 
1 2 
2 1 
1 2 
1 2 
2 1 
1 2 
2 1 
1 2 
2 1 
1 2 
2 1 
2 1 
1 2 
2 1 
2 1 
2 1 
2 1 
1 2 
1 2 
2 1 
2 1 
2 1 
1 2 
1 2 
2 1 
2 1 
2 1 
2 1 
2 1 
2 1 
2 1 
2 1 
1 2 
1 2 
2 1 
2 1 
1 2 
2 1 
1 2 
2 1 
2 1 
1 2 
2 1 
1 2 
1 2 
1 2 
2 1 
1 2 
1 2 
2 1 
2 1 
1 2 
1 2 
1 2 
1 2 
1 2 
1 2 
2 1 
1 2 
2 1 
1 2 
1 2 
1 2 
1 2 

3
Awesome Squirrel
Sizable Lion
Quick Chimpanzee
3 1 2 
1 2 3 
2 1 3 
3 2 1 
3 1 2 
3 2 1 
1 2 3 
1 3 2 
1 2 3 
2 3 1 
2 1 3 
1 3 2 
3 2 1 
1 2 3 
2 1 3 
1 2 3 
3 2 1 
1 2 3 
1 3 2 
2 3 1 
3 1 2 
2 1 3 
1 2 3 
1 3 2 
3 2 1 
2 1 3 
1 3 2 
2 1 3 
2 3 1 
3 2 1 
1 2 3 
1 2 3 
1 3 2 
3 1 2 
1 3 2 
1 2 3 
1 2 3 
2 1 3 
1 3 2 
3 1 2 
1 2 3 
3 2 1 
1 2 3 
1 3 2 
1 3 2 
2 1 3 
2 1 3 
2 1 3 
2 1 3 
2 1 3 
1 3 2 
2 1 3 
2 3 1 
3 1 2 
1 3 2 
1 2 3 
2 3 1 
3 2 1 
1 2 3 
1 3 2 
1 2 3 
2 3 1 
2 3 1 
2 3 1 
3 1 2 
1 3 2 
2 3 1 
3 2 1 
3 2 1 
3 2 1 
3 2 1 
2 3 1 
2 3 1 
1 2 3 
2 3 1 
1 2 3 
2 3 1 
1 3 2 
2 3 1 
3 2 1 
2 3 1 
3 1 2 
2 1 3 
2 3 1 
2 1 3 
2 1 3 
2 3 1 
3 2 1 
2 3 1 
2 1 3 
3 1 2 
1 2 3 
1 3 2 
2 1 3 
1 2 3 
3 2 1 
1 2 3 
3 1 2 
2 1 3 
2 3 1 
1 2 3 
2 3 1 
3 1 2 
1 2 3 
3 2 1 
1 2 3 
1 3 2 
3 2 1 
2 3 1 
1 2 3 
3 2 1 
3 2 1 
3 2 1 
2 1 3 
2 3 1 
1 3 2 
1 2 3 
1 2 3 
2 1 3 
3 2 1 
3 2 1 
2 1 3 
1 2 3 
3 1 2 
1 2 3 
3 2 1 
1 3 2 
2 3 1 
3 2 1 
3 2 1 
3 1 2 
2 3 1 
3 2 1 
2 1 3 
3 1 2 
1 2 3 
3 1 2 
2 1 3 
1 2 3 
2 3 1 
3 2 1 
1 2 3 
2 1 3 
1 2 3 
2 1 3 
1 3 2 
2 1 3 
1 3 2 
2 3 1 
3 2 1 
3 1 2 
3 2 1 
1 3 2 
2 3 1 
3 2 1 
2 3 1 
2 1 3 
1 3 2 
1 3 2 
2 3 1 
3 2 1 
3 1 2 
1 3 2 
3 2 1 
2 1 3 
2 1 3 
1 3 2 
2 1 3 
1 2 3 
3 1 2 
3 2 1 
1 2 3 
2 3 1 
1 2 3 
3 2 1 
3 2 1 
3 2 1 
3 2 1 
2 3 1 
3 2 1 
1 3 2 
3 2 1 
2 1 3 
1 3 2 
1 3 2 
1 3 2 
3 2 1 
2 1 3 
1 3 2 
1 3 2 
1 2 3 
3 1 2 
2 3 1 
2 1 3 
3 1 2 
1 3 2 
2 3 1 
2 1 3 
1 3 2 
3 1 2 
3 1 2 
3 1 2 
2 1 3 
1 2 3 
1 3 2 
1 2 3 
1 3 2 
2 1 3 
1 2 3 
1 3 2 
1 2 3 
1 3 2 
2 1 3 
2 3 1 
2 3 1 
1 3 2 
2 3 1 
1 2 3 
1 2 3 
1 3 2 
1 3 2 
2 1 3 
2 1 3 
1 2 3 
1 3 2 
2 3 1 
3 1 2 
3 1 2 
3 2 1 
3 1 2 
2 3 1 
3 1 2 
2 1 3 
3 1 2 
1 2 3 
3 1 2 
3 1 2 
2 1 3 
3 1 2 
3 2 1 
3 1 2 
1 3 2 
1 2 3 
3 2 1 
2 1 3 
3 1 2 
3 1 2 
1 3 2 
1 2 3 
3 1 2 
1 2 3 
1 2 3 
1 2 3 
2 3 1 
3 1 2 
2 1 3 
2 1 3 
2 1 3 
1 2 3 
2 3 1 
1 2 3 
2 1 3 
2 3 1 
3 2 1 
3 2 1 
3 1 2 
3 1 2 
1 3 2 
1 2 3 
3 2 1 
1 3 2 
3 2 1 
3 1 2 
3 2 1 
3 2 1 
3 2 1 
2 1 3 
1 2 3 
2 1 3 
1 2 3 
1 2 3 
2 3 1 
2 1 3 
1 3 2 
2 3 1 
3 1 2 
2 3 1 
1 2 3 
3 2 1 
3 2 1 
1 3 2 
3 2 1 
3 1 2 
2 1 3 
2 1 3 
2 1 3 
2 1 3 
3 2 1 
3 1 2 
2 3 1 
2 3 1 
1 3 2 
2 3 1 
2 1 3 
2 3 1 
3 2 1 
1 3 2 
2 3 1 
2 3 1 
1 2 3 
1 3 2 
3 1 2 
3 1 2 
2 1 3 
2 3 1 
3 2 1 
2 1 3 
3 1 2 
3 2 1 
3 1 2 
2 1 3 
3 2 1 
2 3 1 
3 1 2 
2 3 1 
2 1 3 
1 2 3 
1 2 3 
2 1 3 
1 2 3 
3 2 1 
2 1 3 
2 1 3 
3 1 2 
2 1 3 
1 3 2 
2 1 3 
3 2 1 
2 3 1 
2 3 1 
1 3 2 
2 3 1 
2 1 3 
1 2 3 
2 1 3 
2 3 1 
1 3 2 
1 2 3 
2 3 1 
2 1 3 
1 3 2 
3 1 2 
1 2 3 
2 1 3 
3 2 1 
2 3 1 
3 1 2 
1 2 3 
2 1 3 
3 1 2 
3 2 1 
2 1 3 
2 3 1 
3 2 1 
2 3 1 
3 1 2 
2 3 1 
3 2 1 
3 2 1 
3 2 1 
2 3 1 
3 1 2 
3 2 1 
2 3 1 
1 2 3 
1 2 3 
3 1 2 
1 3 2 
1 2 3 
2 3 1 
2 3 1 
1 3 2 
2 3 1 
2 1 3 
1 3 2 
2 3 1 
3 2 1 
2 3 1 
1 3 2 
2 3 1 
3 1 2 
1 2 3 
2 3 1 
2 1 3 
2 1 3 
1 2 3 
1 2 3 
2 3 1 
2 1 3 
2 3 1 
3 1 2 
3 2 1 
2 1 3 
2 3 1 
3 2 1 
2 1 3 
3 2 1 
2 3 1 
1 3 2 
2 3 1 
1 3 2 
1 2 3 
2 3 1 
3 2 1 
1 2 3 
2 3 1 
2 3 1 
2 1 3 
1 3 2 
1 3 2 
3 2 1 
3 2 1 
1 3 2 
3 1 2 
2 1 3 
3 1 2 
3 1 2 
2 3 1 
3 2 1 
1 2 3 
1 2 3 
3 2 1 
1 3 2 
1 3 2 
2 1 3 
3 2 1 
1 3 2 
3 2 1 
1 2 3 
1 2 3 
2 1 3 
3 1 2 
3 1 2 
1 3 2 
1 3 2 
1 3 2 
2 3 1 
2 1 3 
3 1 2 
3 1 2 
1 2 3 
2 3 1 
2 1 3 
2 3 1 
1 3 2 
2 1 3 
1 3 2 
3 1 2 
1 3 2 
1 3 2 
2 3 1 
3 2 1 
3 1 2 
1 2 3 
1 2 3 
2 1 3 
1 3 2 
1 2 3 
2 3 1 
2 1 3 
3 1 2 
2 3 1 
3 1 2 
2 1 3 
2 1 3 
2 3 1 
2 3 1 
1 3 2 
2 1 3 
3 1 2 
2 1 3 
2 1 3 
2 3 1 
2 1 3 
2 3 1 
1 2 3 
3 2 1 
3 2 1 
1 2 3 
1 3 2 
1 3 2 
2 3 1 
2 1 3 
3 1 2 
1 3 2 
1 2 3 
3 1 2 
1 3 2 
3 2 1 
2 3 1 

15
Glutonous Squirrel
Obstinate Tumbleweed
Burgeois Unicorn
Nonsensical Terrier
Fizzy Child
Fabulous Terrier
Speedy Frog
Quizzical Terrier
Prowling Mockingbird
Empathetic Goat
Typical Chimpanzee
Problematic Cat
Fizzy Horse
Needy Fish
Loyal Oryx
12 2 11 1 15 4 10 5 6 14 3 7 13 8 9 
1 12 11 5 15 6 8 13 4 7 3 14 2 10 9 
6 10 1 5 2 8 7 3 13 15 9 14 11 12 4 
8 10 12 6 14 15 7 4 3 2 5 1 11 13 9 
5 14 8 11 6 4 2 13 1 7 9 12 15 3 10 
6 8 9 4 1 15 5 14 7 10 11 2 3 12 13 
10 1 15 4 9 6 5 12 8 3 14 2 7 11 13 
14 15 6 12 1 11 9 3 10 13 2 5 4 7 8 
7 15 14 1 12 5 4 11 2 6 8 10 13 9 3 
11 15 13 4 6 3 8 12 9 1 2 7 10 5 14 
3 1 4 8 9 12 11 13 2 7 10 14 15 5 6 
8 14 9 4 12 6 13 5 7 15 10 11 1 3 2 
13 7 6 3 4 15 1 5 14 10 8 9 11 2 12 
1 10 13 5 4 7 2 6 8 9 14 15 12 11 3 
10 2 5 12 15 9 8 6 4 3 7 1 13 14 11 
9 14 4 12 11 8 6 10 3 15 5 2 7 1 13 
10 8 12 14 6 13 3 4 7 15 2 9 11 1 5 
13 1 14 11 2 6 8 7 10 3 9 15 5 12 4 
2 14 8 12 3 15 7 5 13 4 6 9 1 11 10 
15 2 11 1 7 4 3 6 5 13 12 14 9 8 10 
14 12 13 2 7 4 9 5 1 3 15 6 8 11 10 
15 6 8 4 9 14 2 13 10 7 12 11 1 5 3 
15 8 10 14 7 2 4 3 9 13 1 12 5 11 6 
10 12 8 13 2 3 1 14 11 5 7 4 15 6 9 
8 15 4 12 2 13 3 7 11 6 10 5 1 9 14 
10 8 7 4 14 11 12 1 13 6 5 9 15 2 3 
15 3 9 4 12 1 14 7 11 5 6 8 2 10 13 
14 9 8 15 3 1 6 12 10 5 4 2 13 11 7 
3 10 15 14 5 8 6 12 4 7 13 1 9 2 11 
6 11 10 2 5 8 13 3 12 7 4 9 14 15 1 
9 1 6 7 10 11 2 12 8 3 4 14 5 15 13 
6 13 9 15 5 4 12 3 14 7 10 11 2 8 1 
5 7 6 11 1 9 4 12 3 2 10 8 14 13 15 
8 14 12 7 5 11 10 6 9 4 3 1 15 2 13 
12 14 10 7 8 6 13 1 4 15 5 3 9 11 2 
12 11 2 6 13 9 14 1 15 7 3 5 4 10 8 
5 2 8 13 15 7 11 10 4 14 9 1 12 3 6 
2 10 3 1 5 4 12 11 15 13 9 8 14 7 6 
4 3 5 10 14 9 12 2 13 11 1 8 6 7 15 
12 8 9 11 1 3 5 7 14 13 6 10 2 15 4 
2 5 4 3 1 14 12 10 6 9 13 15 11 7 8 
10 14 3 8 12 2 9 13 7 1 4 15 5 11 6 
10 6 11 4 3 14 2 13 1 5 12 9 7 15 8 
14 7 11 8 1 5 3 9 6 12 2 13 10 15 4 
2 10 4 7 13 1 8 5 9 14 11 6 15 12 3 
12 7 9 11 1 15 6 13 3 8 5 4 2 10 14 
11 12 3 15 10 7 8 6 4 9 5 13 14 1 2 
3 6 14 12 7 13 10 1 5 15 4 9 2 8 11 
10 9 2 12 13 6 15 11 7 3 5 8 1 4 14 
7 5 3 14 11 8 15 4 6 13 12 2 1 10 9 
7 3 15 1 2 10 5 9 14 12 6 11 8 13 4 
7 13 3 11 5 8 6 2 10 15 4 9 12 14 1 
13 12 11 4 1 9 5 2 6 15 8 10 3 14 7 
5 4 1 9 12 10 3 8 11 2 13 15 14 7 6 
15 13 14 9 1 12 8 11 5 6 7 2 10 3 4 
5 3 15 1 10 11 8 6 14 2 7 12 13 4 9 
7 10 2 8 3 6 1 4 12 14 11 15 13 5 9 
2 9 8 5 6 10 12 7 15 11 13 3 1 14 4 
1 6 3 13 4 7 8 14 2 9 15 12 5 10 11 
5 11 2 12 1 10 8 6 15 4 9 13 7 14 3 
7 12 4 11 3 1 15 13 9 2 14 5 10 6 8 
9 2 6 10 1 13 7 15 3 14 4 5 8 11 12 
8 1 6 12 15 3 2 13 4 5 9 10 14 11 7 
10 11 5 9 6 15 12 7 14 13 8 3 1 4 2 
3 9 13 8 1 12 15 7 14 6 4 5 2 11 10 
1 4 9 14 8 12 15 2 5 6 11 3 10 7 13 
5 15 4 8 12 14 7 10 11 3 9 2 1 13 6 
4 7 9 12 6 1 3 2 15 13 14 5 11 8 10 
10 8 12 14 2 7 6 5 13 9 3 4 15 1 11 
6 5 9 2 10 8 12 15 3 7 13 4 1 11 14 
3 12 9 8 4 13 10 14 6 15 11 5 2 1 7 
4 15 5 1 11 3 10 9 14 6 12 8 2 7 13 
2 1 11 15 13 14 10 6 8 3 4 12 5 7 9 
7 12 1 6 13 14 9 15 5 11 3 8 2 4 10 
12 7 13 15 1 14 9 11 6 2 4 8 5 10 3 
14 3 8 11 5 13 10 9 6 2 4 15 7 12 1 
15 2 8 3 11 4 7 12 6 10 9 13 5 1 14 
2 12 8 10 9 5 3 1 15 13 7 4 6 14 11 
8 11 6 13 5 12 1 4 14 3 2 9 15 10 7 
10 11 13 4 12 7 8 6 15 1 14 9 5 3 2 
15 2 8 13 6 5 9 14 1 3 12 4 10 7 11 
3 2 9 11 13 12 6 8 4 7 15 10 5 1 14 
3 13 8 14 2 10 6 1 9 15 11 4 5 7 12 
4 14 3 8 15 6 5 13 11 10 1 12 7 2 9 
1 12 3 9 8 14 5 13 2 11 7 15 4 10 6 
7 1 11 13 6 10 5 9 12 3 2 14 8 4 15 
8 4 1 15 12 3 14 2 9 7 5 6 10 11 13 
8 3 14 9 12 15 6 2 11 13 4 10 7 1 5 
5 2 11 6 7 9 4 15 3 8 12 10 1 14 13 
8 5 2 11 13 14 15 9 1 4 7 10 12 6 3 
13 5 11 15 1 3 12 2 7 14 8 6 10 4 9 
14 15 1 7 2 9 11 12 3 6 4 8 13 10 5 
2 14 9 12 1 8 10 5 4 13 15 11 7 6 3 
3 12 10 1 6 13 8 9 7 5 14 15 4 11 2 
6 12 7 3 11 9 15 2 1 10 5 4 14 8 13 
1 6 12 8 14 5 4 7 9 2 13 10 15 11 3 
1 9 15 11 4 3 2 14 12 8 10 6 13 5 7 
6 3 9 1 13 15 4 10 2 12 11 8 5 7 14 
6 7 2 8 13 1 10 5 14 9 12 4 15 11 3 
6 9 12 5 3 1 2 11 10 8 7 14 4 13 15 
4 10 3 11 2 14 5 9 1 15 8 6 12 13 7 
9 8 2 7 15 13 3 6 4 14 11 12 5 1 10 
15 1 14 13 9 8 3 11 7 2 12 10 6 4 5 
13 4 10 9 5 12 1 8 15 11 3 7 6 2 14 
4 2 9 13 12 5 11 14 10 15 7 1 6 8 3 
10 6 8 11 7 2 4 14 12 5 3 9 13 1 15 
15 11 8 14 1 5 12 7 4 10 3 2 9 6 13 
9 5 1 2 15 3 4 12 10 11 13 8 7 6 14 
12 11 5 10 9 14 13 7 6 15 3 8 1 4 2 
4 2 12 3 15 7 5 11 14 13 6 10 9 8 1 
10 2 4 15 3 7 12 8 11 9 6 14 5 13 1 
15 14 9 2 10 6 12 13 1 8 3 7 4 11 5 
7 3 6 9 5 11 12 15 1 4 13 2 14 10 8 
13 1 4 10 8 12 5 3 15 7 11 9 2 14 6 
10 12 4 2 11 15 7 3 14 13 6 8 1 9 5 
9 14 2 15 6 4 11 12 10 5 1 7 8 13 3 
3 8 6 11 5 15 7 9 4 13 14 12 10 1 2 
9 7 11 6 14 8 2 5 15 1 10 4 12 13 3 
5 15 9 14 4 6 1 2 11 10 8 12 13 3 7 
8 4 10 3 14 15 6 2 11 7 13 1 12 9 5 
3 12 11 15 2 1 10 13 9 6 4 8 7 14 5 
14 2 11 3 9 13 7 1 6 12 15 4 8 5 10 
12 14 15 3 13 1 10 11 4 5 7 2 8 9 6 
11 2 7 13 14 9 10 1 3 6 12 15 5 8 4 
10 11 3 8 4 5 14 1 7 2 15 12 9 6 13 
6 9 7 4 5 15 1 10 3 13 14 8 12 11 2 
6 11 7 15 3 2 8 4 10 12 14 13 1 5 9 
3 14 9 4 7 5 13 2 12 1 15 6 11 10 8 
6 7 15 5 10 2 11 3 8 9 14 1 13 4 12 
14 10 15 7 9 4 6 13 2 5 11 3 12 1 8 
8 10 4 1 2 3 6 7 5 13 15 12 9 11 14 
11 6 7 1 14 3 12 13 9 8 15 4 5 2 10 
11 6 13 14 4 3 15 5 12 2 10 7 9 8 1 
4 14 6 12 11 7 3 9 13 8 1 10 15 5 2 
13 12 2 7 4 11 10 3 14 6 8 9 1 5 15 
4 9 6 7 11 15 14 5 12 2 10 8 13 3 1 
2 6 10 8 12 5 14 9 4 11 13 1 15 7 3 
2 1 6 8 11 3 13 4 14 10 15 5 9 12 7 
6 8 7 1 14 5 9 12 13 15 3 2 11 4 10 
10 4 15 6 8 12 7 14 13 9 3 1 2 5 11 
15 9 6 7 8 13 10 5 3 14 4 1 11 2 12 
10 3 1 8 4 7 13 6 14 15 2 11 12 9 5 
15 5 3 7 6 1 10 4 8 11 9 2 12 14 13 
8 12 2 10 1 3 13 4 15 5 6 11 7 9 14 
5 6 4 8 11 15 2 9 1 14 7 12 10 13 3 
2 11 13 7 4 3 9 15 8 14 6 10 1 5 12 
5 1 12 10 13 4 9 11 2 8 7 14 3 15 6 
1 11 13 10 8 15 12 3 7 14 4 5 9 2 6 
12 2 4 6 11 10 13 14 5 8 7 15 1 9 3 
2 6 5 1 12 4 11 7 10 8 14 9 13 3 15 
8 12 2 9 6 14 11 15 5 4 3 1 7 13 10 