150

17
Luke
Joseph
Gary
Thea
Dominic
John
Barney
Elvis
Clyde
Jacob
Madlin
Natalie
Rob
Agatha
James
Tyler
Yoko
10 13 15 2 5 6 12 1 11 7 14 17 4 9 16 3 8
3 16 1 6 7 11 10 8 2 9 5 15 12 4 14 13 17
6 8 2 9 3 1 16 13 5 11 10 7 4 14 12 17 15
11 6 9 5 15 2 3 12 17 14 10 7 1 13 8 4 16
4 14 10 8 1 2 15 12 17 13 6 9 3 11 16 7 5
11 13 6 9 17 5 16 15 8 1 3 4 14 2 12 10 7
9 17 11 6 15 12 10 1 13 8 16 5 14 7 4 3 2
11 13 16 7 2 6 8 15 3 14 17 1 5 12 10 4 9
8 13 12 14 6 10 11 9 3 15 5 17 2 4 16 1 7
4 14 10 8 1 7 9 2 11 12 13 5 15 6 16 3 17
6 9 2 12 8 7 15 13 1 11 17 4 14 5 3 16 10

9
Elvis
Clyde
John
Barney
Joseph
Agatha
Jacob
Yoko
Luke
2 3 8 4 6 1 9 5 7
8 7 5 3 1 6 2 4 9
1 9 4 5 8 3 7 6 2
5 6 9 7 3 4 8 1 2
6 3 8 1 7 2 5 9 4
7 5 3 6 9 8 1 4 2
4 7 8 9 3 2 5 6 1
1 4 9 5 2 3 8 7 6
5 7 1 4 6 8 3 2 9
7 1 5 8 6 2 4 9 3
4 5 9 7 6 3 2 1 8
6 9 3 1 7 8 4 2 5
4 3 9 1 5 6 7 2 8

4
Luke
Yoko
Agatha
John
1 4 3 2
3 2 1 4
1 4 2 3
3 2 1 4
1 4 3 2
3 4 2 1
2 4 1 3
2 3 4 1
4 3 1 2
3 1 2 4
4 1 2 3
2 3 4 1
2 1 4 3
4 2 1 3
2 3 1 4
2 1 4 3

12
Barney
Tyler
James
Yoko
Luke
Rob
Joseph
John
Jacob
Agatha
Clyde
Elvis
6 5 3 9 8 12 1 2 10 11 7 4
7 1 11 10 12 8 6 3 9 5 4 2
8 9 4 1 2 7 6 12 3 5 11 10
12 8 3 5 1 10 6 4 11 9 7 2
8 6 1 12 11 5 2 3 10 4 7 9
12 11 3 5 2 6 7 1 4 9 10 8
8 4 6 11 1 2 3 7 5 12 9 10
5 2 7 3 10 8 9 4 6 12 11 1
1 4 3 9 11 2 8 12 6 5 7 10
5 10 12 3 4 8 1 2 9 7 11 6
11 1 3 5 10 7 9 12 4 6 2 8
9 1 11 2 8 12 5 7 10 3 6 4
9 5 11 6 12 4 1 10 2 7 8 3
4 10 3 12 6 5 9 8 1 7 2 11

15
John
Barney
Natalie
Joseph
Rob
Tyler
Gary
Agatha
Clyde
Luke
Yoko
James
Elvis
Dominic
Jacob
4 10 3 12 5 13 11 14 6 9 15 8 1 7 2
15 14 8 2 4 3 5 10 6 1 7 11 9 13 12
10 9 13 7 15 12 4 11 1 3 5 14 8 2 6
1 12 4 14 2 3 11 13 15 7 8 10 6 5 9
3 1 7 10 12 8 13 9 6 2 14 15 11 4 5
13 2 12 9 7 11 4 1 14 15 6 3 8 5 10
12 10 8 5 15 4 2 6 13 9 11 7 3 1 14
8 9 15 12 2 1 6 3 4 5 10 11 7 14 13
5 1 4 8 7 11 15 3 12 6 9 2 13 14 10
13 10 3 4 6 15 11 9 8 2 5 7 14 12 1
4 15 8 13 2 6 7 14 12 1 9 5 10 3 11
6 7 12 11 2 15 1 10 9 5 4 8 13 3 14
3 12 9 6 11 13 1 8 2 7 14 4 10 15 5
15 8 9 7 4 5 12 6 2 1 10 3 14 13 11
3 1 7 4 5 8 6 13 2 11 10 12 9 14 15
5 12 9 13 11 4 3 1 2 8 14 7 15 10 6
7 15 9 12 11 4 14 6 5 3 8 13 10 1 2
13 7 11 8 14 10 12 1 6 5 4 3 15 9 2
15 14 7 2 11 1 4 10 13 5 8 6 3 12 9

11
John
Barney
Elvis
Joseph
Luke
Agatha
Tyler
Yoko
James
Clyde
Jacob
10 1 6 2 4 9 5 3 8 11 7
9 2 8 7 3 6 5 10 11 1 4
2 3 6 10 11 1 5 4 9 7 8
4 5 6 3 9 2 7 8 1 11 10

14
Rob
Yoko
Natalie
Jacob
Gary
Agatha
James
Clyde
Luke
Joseph
John
Tyler
Barney
Elvis
1 6 11 10 4 2 9 13 3 14 7 5 8 12
9 8 3 2 11 5 4 6 12 7 14 1 10 13
12 11 2 4 7 10 5 3 8 9 14 1 6 13
13 11 7 6 4 10 2 8 14 9 3 12 1 5
4 13 2 8 5 3 12 6 9 1 7 11 10 14
7 11 13 10 12 6 1 14 4 8 2 5 9 3
8 7 2 3 11 5 9 1 10 14 6 4 12 13
12 2 9 4 3 8 11 13 5 10 14 6 1 7
1 13 10 6 9 11 5 7 12 2 4 3 14 8
3 8 2 4 11 9 1 5 14 10 12 13 6 7

12
Barney
Yoko
Jacob
Agatha
Tyler
Elvis
John
James
Joseph
Rob
Luke
Clyde
7 5 12 10 1 9 4 8 11 3 6 2
9 10 11 2 1 6 5 3 7 8 4 12
5 9 12 4 2 7 6 3 11 1 10 8
10 6 3 8 12 11 1 9 2 5 4 7
6 9 4 3 11 2 1 8 12 10 7 5
11 2 4 3 6 7 8 12 1 5 10 9

13
Elvis
Jacob
Tyler
Barney
John
Luke
Rob
Joseph
Natalie
James
Agatha
Clyde
Yoko
1 13 10 4 5 8 7 2 12 9 11 3 6
9 7 6 13 2 10 11 5 3 1 4 12 8
3 1 13 8 11 9 2 6 10 12 7 5 4
4 9 5 1 2 8 7 10 13 11 12 3 6
13 7 10 11 3 1 9 2 12 5 6 8 4
8 5 10 11 7 6 12 9 4 3 2 13 1
9 5 13 6 4 12 7 1 8 10 3 2 11
4 12 9 10 6 3 5 2 1 13 7 8 11
1 6 4 5 12 13 11 8 7 3 9 10 2
13 1 4 5 9 6 12 11 10 8 7 3 2

7
Jacob
John
Barney
Agatha
Yoko
Elvis
Luke
2 1 7 6 5 4 3
7 6 2 5 1 3 4
4 3 5 6 7 2 1
3 2 5 4 6 7 1
3 2 5 1 6 7 4
7 3 5 1 6 2 4
2 5 7 3 1 4 6
5 3 6 1 2 7 4
1 4 6 5 7 2 3
2 3 5 1 6 4 7
5 6 4 7 1 2 3
4 3 5 7 6 2 1
7 3 5 6 4 1 2
4 7 1 5 2 3 6
1 2 4 6 3 7 5

13
Joseph
Yoko
Luke
Elvis
Tyler
James
Rob
John
Jacob
Natalie
Barney
Agatha
Clyde
6 4 13 8 9 5 12 11 3 2 1 10 7
5 2 4 6 10 9 11 12 7 1 3 13 8
5 10 13 8 6 2 7 9 4 1 12 11 3
7 10 12 1 3 5 8 2 11 4 13 6 9
10 5 11 8 13 6 1 9 4 7 2 12 3
8 7 1 9 13 6 3 11 12 2 10 4 5
5 4 10 1 11 8 6 2 7 13 9 3 12
13 8 6 1 12 11 7 10 4 5 3 2 9
8 2 6 1 5 4 13 9 3 10 12 7 11
2 8 12 1 7 13 11 10 4 5 6 3 9
2 3 6 1 7 9 13 11 4 12 5 8 10
2 7 10 12 11 9 3 1 13 8 5 6 4

3
Luke
John
Agatha
2 3 1
3 1 2
2 3 1
3 2 1
1 2 3
3 1 2
1 3 2
3 1 2
3 1 2
2 3 1
1 2 3

13
Barney
John
James
Natalie
Joseph
Clyde
Jacob
Agatha
Luke
Elvis
Yoko
Tyler
Rob
9 1 2 12 13 7 4 3 6 8 11 10 5
1 8 10 12 7 13 2 5 4 3 6 9 11
3 5 9 10 12 11 13 7 2 8 1 6 4
8 6 13 7 10 5 3 4 2 1 11 12 9
12 9 3 2 1 11 6 5 7 4 13 10 8

3
John
Agatha
Luke
1 2 3
2 1 3
2 3 1
3 1 2
3 2 1
3 1 2
2 3 1
1 3 2

12
Clyde
Agatha
John
Yoko
Rob
Joseph
Barney
Jacob
Tyler
James
Elvis
Luke
2 12 5 9 7 6 4 8 11 1 3 10
7 10 5 6 4 8 11 9 2 1 3 12
2 11 6 4 1 8 10 5 7 12 3 9
10 3 5 2 11 4 9 6 7 1 8 12
9 10 8 11 1 12 3 5 6 7 2 4
2 8 4 1 6 5 11 10 12 3 9 7
5 4 12 3 7 1 2 6 10 9 8 11
2 11 12 9 1 6 5 4 7 8 10 3
2 8 3 12 6 4 5 9 11 10 1 7
4 11 10 3 6 1 2 9 7 5 12 8

11
Yoko
Elvis
Jacob
Barney
Clyde
Tyler
John
Agatha
James
Joseph
Luke
5 7 3 9 10 6 11 4 8 2 1
7 11 9 10 1 3 5 8 4 6 2
11 9 10 5 1 6 7 8 2 3 4
2 3 9 1 7 4 10 5 6 11 8
10 2 3 7 9 6 4 11 8 5 1
4 9 2 5 8 10 6 11 3 7 1
5 8 3 7 9 6 10 2 4 1 11
9 6 4 7 2 11 10 3 1 8 5
5 4 3 6 2 11 9 8 7 1 10
10 11 7 4 8 1 3 9 5 2 6
6 3 4 11 10 2 5 8 9 7 1
7 10 5 1 9 8 11 4 3 6 2
9 4 7 11 5 1 6 3 2 8 10
10 11 8 1 4 5 2 9 6 3 7
11 9 10 1 3 4 5 6 7 2 8

13
Natalie
Elvis
Jacob
John
Yoko
Barney
James
Agatha
Clyde
Tyler
Rob
Joseph
Luke
6 8 9 5 13 2 12 11 3 10 7 4 1
12 8 11 4 7 9 5 13 6 3 2 1 10
13 1 3 12 11 8 5 4 9 6 7 10 2
6 13 3 7 11 8 5 9 10 1 12 2 4

4
Yoko
Luke
Agatha
John
1 4 2 3
4 2 1 3
4 3 1 2
3 1 2 4
2 3 1 4
2 4 3 1
4 2 1 3
3 1 4 2
2 3 4 1
4 2 1 3
4 1 2 3

17
Barney
Elvis
Gary
Dominic
Agatha
John
Thea
Yoko
Tyler
Luke
Jacob
Natalie
James
Clyde
Madlin
Joseph
Rob
3 12 15 9 6 11 5 16 14 4 7 1 17 13 10 8 2
13 5 16 4 17 10 2 7 12 1 8 14 11 6 9 3 15
3 15 11 16 7 2 5 4 6 10 9 14 8 17 13 1 12
12 6 7 10 1 14 13 9 8 16 4 2 11 5 15 17 3
12 16 17 15 14 6 11 8 10 13 2 1 4 5 7 3 9
2 16 6 15 10 14 1 13 17 3 9 11 5 7 12 8 4
9 13 7 16 15 8 1 3 12 10 17 6 5 11 2 14 4
12 13 5 14 16 1 10 9 2 4 7 3 6 17 8 11 15
8 9 2 7 5 4 11 13 3 6 17 10 12 14 16 15 1
2 9 13 10 12 6 16 11 3 5 15 1 8 4 17 14 7
9 16 12 2 15 10 14 4 8 1 7 17 6 13 3 5 11

13
Luke
Agatha
Jacob
Elvis
Natalie
Yoko
Barney
John
Joseph
Clyde
Rob
James
Tyler
13 4 11 3 10 2 12 1 7 6 9 8 5
12 10 6 4 7 13 2 8 11 3 1 9 5
10 13 2 7 9 12 11 6 4 3 5 8 1
8 12 13 6 1 4 9 7 5 3 11 2 10
8 9 5 10 4 6 12 11 7 2 3 13 1
13 4 3 6 12 2 1 8 5 7 10 11 9
12 11 2 8 6 7 3 13 4 9 10 5 1
5 12 13 1 3 10 4 11 6 7 8 2 9
3 8 9 2 11 7 1 5 12 4 10 13 6

5
Agatha
Yoko
John
Elvis
Luke
1 3 4 2 5
5 4 2 1 3
2 4 3 1 5
4 5 3 2 1
5 2 1 3 4
3 2 5 1 4
1 2 4 5 3
3 1 4 2 5
2 4 3 1 5

9
John
Barney
Luke
Agatha
Jacob
Clyde
Yoko
Joseph
Elvis
8 2 5 6 3 9 7 4 1
9 1 7 3 5 2 6 8 4
3 6 5 8 9 1 4 2 7
9 7 2 3 6 1 4 8 5
4 5 7 8 1 2 6 3 9
2 4 6 7 3 1 8 9 5
8 3 7 4 1 2 5 6 9
8 4 9 2 6 1 5 3 7
3 9 8 6 7 4 2 1 5
2 1 8 6 5 3 9 4 7
4 6 8 2 7 9 5 3 1
8 7 5 2 1 3 6 4 9
7 8 2 4 9 3 6 1 5
8 2 4 9 6 7 1 3 5
4 5 7 3 2 6 1 9 8
6 4 8 2 5 1 7 3 9
5 3 1 7 6 2 4 8 9

13
Rob
Jacob
Natalie
Elvis
Tyler
Clyde
Barney
Luke
Yoko
Agatha
James
John
Joseph
12 8 13 1 7 5 6 9 11 2 10 3 4
2 12 8 1 4 13 7 10 6 5 11 3 9
6 7 8 11 5 1 4 12 3 2 9 10 13
8 13 12 3 11 1 5 7 9 2 10 4 6
8 3 6 12 5 2 7 10 13 4 9 1 11
13 1 5 12 6 4 7 11 9 8 3 10 2
5 11 8 3 2 9 13 10 7 12 4 6 1
1 8 13 10 7 2 9 4 3 11 5 6 12
6 5 11 12 3 9 8 4 13 2 1 7 10
1 7 9 8 5 3 11 12 4 2 13 6 10
2 7 9 6 8 5 1 11 12 4 10 3 13
12 9 5 11 8 2 3 13 6 1 4 7 10

12
Tyler
Yoko
Agatha
Rob
Barney
James
Luke
John
Joseph
Elvis
Jacob
Clyde
3 8 9 2 11 5 12 7 1 10 6 4
5 10 3 6 12 11 8 1 7 4 2 9
10 6 4 9 1 2 5 7 12 3 11 8
2 1 6 3 8 4 12 7 5 11 10 9
9 2 12 7 3 8 4 6 5 1 10 11
4 12 3 2 9 5 1 10 8 6 11 7
5 1 9 4 3 2 8 6 11 10 12 7
9 3 5 12 11 2 1 4 6 10 8 7
11 10 4 2 12 5 6 3 9 8 7 1
3 2 9 12 1 8 10 11 4 5 7 6
7 8 3 4 5 11 9 10 12 1 6 2
2 5 12 4 1 9 10 3 6 8 11 7
4 9 6 3 8 5 2 7 11 1 10 12
4 7 5 9 8 6 3 1 11 12 10 2
2 3 10 4 6 7 5 12 9 8 11 1
2 4 8 6 1 3 9 7 11 10 12 5
1 4 11 10 2 6 5 8 9 7 12 3
3 2 8 5 11 6 9 1 7 12 10 4
7 9 10 1 3 2 11 8 4 6 5 12

12
James
Yoko
Luke
Clyde
Agatha
Barney
Tyler
Jacob
Elvis
Rob
Joseph
John
4 12 1 9 10 5 3 11 7 2 8 6
7 4 6 3 5 8 9 12 10 2 11 1
6 8 5 7 12 11 2 3 4 9 1 10
1 3 4 12 2 5 7 9 11 10 6 8
5 11 7 2 6 9 10 12 1 4 3 8
6 8 9 2 7 5 1 11 3 10 12 4
2 6 3 4 7 12 10 1 5 9 8 11

6
Luke
Agatha
Yoko
Barney
John
Elvis
4 2 1 6 3 5
3 2 6 4 5 1
5 4 3 1 2 6
3 1 4 6 2 5
1 3 4 2 5 6
5 2 1 3 4 6
6 2 3 1 4 5
2 6 3 5 4 1
6 1 4 5 2 3

8
Joseph
Jacob
John
Elvis
Agatha
Yoko
Luke
Barney
5 8 6 1 7 3 2 4
8 2 3 4 6 5 1 7
8 1 7 4 2 5 6 3
8 6 3 5 2 1 4 7
3 5 4 8 1 6 7 2
1 2 7 6 3 8 5 4

16
Tyler
Yoko
Joseph
Rob
Natalie
Barney
Clyde
Madlin
James
Agatha
John
Dominic
Jacob
Gary
Luke
Elvis
15 2 6 12 1 13 5 4 7 8 11 9 10 3 14 16
7 1 9 14 6 12 11 8 4 15 16 13 5 3 2 10
14 9 4 7 11 5 8 16 6 13 15 10 2 1 3 12
2 9 3 16 10 6 7 1 8 4 14 12 5 11 13 15
2 4 7 14 11 8 3 15 13 9 16 10 12 6 5 1
15 14 1 8 10 12 11 2 16 9 3 4 13 6 5 7
3 2 9 8 5 13 1 10 16 15 12 6 14 4 11 7
16 7 4 3 8 1 14 5 2 10 13 15 6 12 9 11

13
Clyde
Agatha
John
Joseph
Jacob
Natalie
Barney
Elvis
Luke
James
Tyler
Rob
Yoko
5 11 9 4 10 6 7 8 13 12 1 2 3
13 11 5 8 12 1 3 6 7 2 9 4 10
2 5 1 12 13 8 7 3 4 9 10 6 11
12 7 4 6 5 1 13 2 10 11 3 9 8
10 8 7 11 3 2 13 1 6 9 5 4 12
5 13 12 11 1 7 9 6 3 8 10 4 2

9
Elvis
Clyde
Joseph
Yoko
John
Jacob
Barney
Agatha
Luke
6 3 8 1 7 9 2 4 5
1 4 8 6 9 2 7 3 5
1 6 2 3 8 5 9 4 7
9 2 1 6 5 4 7 3 8
6 8 5 1 9 4 2 3 7
6 8 7 2 3 5 1 4 9
1 2 6 3 9 4 7 8 5

16
Clyde
Elvis
Natalie
Yoko
Jacob
Luke
Tyler
Agatha
Dominic
Joseph
Gary
Barney
John
Madlin
Rob
James
15 4 5 9 2 8 6 3 10 13 12 11 1 7 16 14
16 7 4 12 2 5 14 1 13 10 15 11 8 6 3 9
13 15 12 7 3 14 9 5 8 11 16 10 2 6 4 1
11 7 8 15 1 13 12 4 16 5 3 10 14 6 9 2
2 4 16 15 14 8 12 10 9 5 11 1 13 6 7 3
12 6 14 3 13 4 5 2 9 1 8 10 16 11 7 15

7
Elvis
Luke
Agatha
Jacob
John
Barney
Yoko
6 2 1 4 7 3 5
4 6 3 2 5 1 7

3
Agatha
John
Luke
2 1 3
2 1 3
2 3 1
3 1 2
1 3 2
2 1 3
2 1 3
1 2 3
2 3 1
1 3 2
2 1 3

0





9
Yoko
Luke
John
Elvis
Barney
Joseph
Clyde
Agatha
Jacob
7 8 3 4 1 9 6 2 5
5 9 3 7 1 6 8 2 4
6 1 8 9 3 2 4 5 7
4 5 1 3 9 6 8 2 7
2 4 5 8 3 9 7 6 1
7 8 3 6 9 1 2 4 5
1 2 4 9 3 8 7 6 5

8
Barney
John
Yoko
Jacob
Luke
Agatha
Elvis
Joseph
1 6 2 7 8 4 3 5
2 6 4 1 8 3 7 5
7 2 6 3 5 1 4 8
4 8 5 6 1 2 3 7
7 3 4 8 2 6 1 5
1 4 5 7 8 6 3 2
2 8 5 6 1 4 7 3
5 1 2 3 6 7 8 4
3 2 4 6 5 1 8 7
6 4 2 1 3 8 7 5
3 7 5 8 6 2 4 1
1 5 7 6 2 4 3 8
8 3 6 5 7 1 4 2
4 6 7 8 2 5 3 1
4 2 7 6 3 5 1 8

8
Elvis
John
Agatha
Luke
Joseph
Jacob
Yoko
Barney
5 2 4 7 1 8 6 3
2 4 8 7 6 5 3 1
3 1 6 7 4 2 5 8
2 1 7 8 4 5 3 6
2 8 1 4 3 7 5 6
2 7 6 4 3 5 8 1
1 4 7 8 6 5 3 2
6 5 8 2 4 3 1 7
2 7 8 6 3 5 4 1
4 5 1 2 3 7 8 6
6 8 1 3 4 5 7 2

7
Barney
Agatha
Elvis
Jacob
John
Luke
Yoko
3 1 7 6 5 2 4
6 7 1 2 5 3 4
4 1 5 6 3 2 7
1 2 7 5 6 3 4
1 5 2 7 6 4 3
3 7 2 1 4 6 5
7 5 1 6 4 3 2
5 2 7 3 4 6 1
4 7 5 3 6 2 1
3 5 1 7 2 4 6
6 4 7 1 2 5 3
3 6 7 1 4 2 5

8
Luke
Joseph
John
Jacob
Barney
Agatha
Yoko
Elvis
2 8 7 4 6 3 5 1
4 7 8 2 5 6 3 1
4 8 3 1 5 2 6 7
3 2 5 6 8 4 7 1
1 3 2 7 8 6 5 4
8 1 3 4 5 7 6 2
6 7 5 3 8 4 2 1
3 5 7 8 2 6 1 4

7
Luke
Barney
Jacob
Agatha
Yoko
John
Elvis
6 4 7 2 3 5 1
4 1 2 6 3 5 7
1 6 7 4 5 3 2
1 6 2 5 7 4 3
2 5 7 1 4 6 3

8
Luke
Jacob
Elvis
Barney
Yoko
Joseph
John
Agatha
6 7 4 1 2 3 8 5
1 2 8 3 7 5 6 4
7 3 8 2 4 1 5 6
3 1 5 6 7 4 2 8
1 3 4 6 7 5 8 2
5 3 2 4 1 6 8 7
2 4 3 8 5 7 1 6

17
Tyler
Madlin
Yoko
Elvis
James
Dominic
Rob
Agatha
Clyde
Thea
Jacob
Joseph
John
Barney
Luke
Gary
Natalie
11 17 8 5 2 13 12 7 15 6 10 4 9 3 16 1 14
5 6 12 8 16 17 11 10 2 13 14 15 1 9 7 3 4
13 12 1 4 3 15 6 7 14 10 16 8 9 2 5 11 17
11 9 13 14 8 16 12 2 6 7 1 10 5 4 15 17 3
13 6 2 16 7 4 3 17 1 12 14 15 9 11 10 8 5

14
Jacob
Clyde
Tyler
John
Luke
Agatha
Barney
Gary
Rob
Yoko
Joseph
Elvis
Natalie
James
6 9 14 3 5 7 11 4 12 2 13 8 10 1
4 9 8 12 7 5 1 14 2 6 11 10 3 13
6 4 3 12 13 9 1 5 8 14 2 7 11 10
14 10 13 1 2 11 3 9 7 8 5 4 12 6
7 11 5 3 9 13 6 2 10 8 1 4 12 14
14 11 13 1 8 7 4 3 2 9 6 12 10 5
13 8 5 4 12 7 3 6 9 11 2 10 14 1
13 8 1 9 10 3 5 7 6 4 14 12 2 11

0












7
John
Jacob
Luke
Barney
Elvis
Yoko
Agatha
5 7 6 2 3 4 1
2 7 4 1 5 3 6
3 4 1 2 5 7 6
5 6 2 1 3 7 4
6 4 5 3 1 2 7
6 5 7 2 1 3 4
1 5 7 6 3 2 4
1 5 3 4 6 7 2
4 6 5 7 2 3 1
5 4 6 1 7 3 2
4 2 5 6 7 3 1

5
Elvis
John
Luke
Agatha
Yoko
5 4 1 2 3
2 4 5 1 3
5 3 2 1 4
1 5 3 4 2
5 4 2 3 1
3 5 2 4 1
2 1 3 5 4

4
Agatha
Yoko
John
Luke
4 1 3 2
2 4 1 3
1 2 3 4
1 3 2 4
1 4 2 3
3 2 1 4
2 1 3 4
2 4 3 1
3 4 2 1

6
Elvis
Barney
John
Agatha
Luke
Yoko
1 3 5 6 2 4
3 4 1 5 6 2
3 6 1 2 4 5
1 5 4 6 2 3
4 6 5 3 1 2
1 2 4 3 6 5
4 1 6 2 3 5
4 6 3 5 2 1
2 4 5 6 3 1
6 2 4 3 1 5
4 5 6 2 3 1
2 5 3 6 4 1
5 2 1 6 4 3
6 1 4 2 3 5
6 2 4 1 3 5
3 6 5 2 1 4
4 6 5 1 3 2

11
James
Barney
Luke
Elvis
Clyde
Tyler
John
Jacob
Joseph
Yoko
Agatha
10 4 11 2 9 1 8 6 7 3 5
11 6 1 9 3 8 4 2 7 5 10
11 8 2 9 5 6 10 4 1 3 7
1 2 6 10 7 5 4 9 11 8 3
6 2 7 1 11 8 5 9 10 4 3

13
Elvis
Tyler
James
Agatha
John
Yoko
Rob
Barney
Natalie
Joseph
Jacob
Luke
Clyde
7 1 8 3 6 10 4 13 12 11 2 9 5
12 13 2 3 10 9 1 8 5 11 6 7 4
10 9 12 2 8 7 4 3 1 11 13 5 6
13 5 8 9 6 4 3 7 1 12 2 11 10
7 5 2 11 1 12 3 9 6 4 13 8 10
5 9 4 12 2 7 11 1 10 3 13 6 8
8 11 1 4 9 5 13 7 3 2 10 6 12

9
Elvis
Barney
Clyde
Agatha
John
Yoko
Luke
Joseph
Jacob
7 2 6 5 9 8 4 3 1
9 3 7 6 4 8 2 5 1
3 7 4 2 5 8 1 6 9
4 1 7 6 9 3 5 8 2
9 1 8 4 6 7 3 2 5
3 4 6 5 2 9 1 8 7
3 8 4 7 5 1 2 9 6
1 9 7 8 6 5 2 3 4
3 2 5 1 8 4 6 9 7
4 7 6 9 5 3 2 8 1
3 8 9 2 4 7 6 1 5

13
Jacob
John
Yoko
Natalie
Elvis
Barney
Tyler
James
Agatha
Rob
Clyde
Luke
Joseph
12 13 7 8 4 3 6 2 9 5 1 10 11
12 13 1 10 6 7 8 2 4 11 3 5 9
6 10 4 7 9 12 8 1 11 5 3 2 13
8 10 9 13 4 2 5 12 3 11 7 1 6
10 1 5 9 6 13 2 3 11 4 7 12 8
7 4 1 10 8 3 6 2 9 13 11 12 5
2 3 9 5 7 12 4 11 10 6 1 8 13
4 8 9 3 2 5 7 6 1 12 11 10 13

3
John
Luke
Agatha
2 3 1
3 1 2
2 1 3
2 1 3
2 3 1
2 1 3
3 2 1
3 2 1
3 1 2
3 2 1
2 1 3
1 3 2

3
Agatha
John
Luke
2 1 3
2 1 3
2 1 3
1 2 3
2 1 3
3 2 1
1 3 2
3 1 2
3 2 1
1 3 2
2 3 1
1 3 2
1 3 2
3 2 1
2 1 3
1 3 2

13
Barney
Rob
Agatha
Elvis
James
Tyler
John
Joseph
Natalie
Jacob
Luke
Yoko
Clyde
13 12 2 11 4 7 10 3 5 8 6 9 1
13 1 10 6 8 9 7 12 11 5 4 3 2
12 10 4 6 13 3 5 8 1 2 11 9 7
10 13 11 2 3 1 9 4 8 5 6 12 7
3 1 6 5 12 13 4 8 10 11 2 7 9
11 3 12 8 4 2 6 5 13 10 7 1 9
11 3 7 10 8 4 9 2 6 5 12 1 13
6 9 13 2 11 7 3 8 4 1 12 10 5
10 1 5 8 7 3 13 6 4 9 12 2 11
3 10 7 13 1 6 12 4 5 9 2 8 11

3
Agatha
Luke
John
1 3 2
3 2 1
2 3 1
3 2 1
3 2 1
2 1 3

17
Madlin
Gary
Barney
Elvis
Thea
Joseph
Yoko
John
James
Dominic
Rob
Jacob
Tyler
Luke
Agatha
Clyde
Natalie
12 6 7 3 5 1 17 2 10 14 13 16 4 8 15 9 11
10 8 3 11 16 9 1 13 12 5 15 17 6 2 7 14 4
16 5 1 14 15 2 6 11 3 13 17 10 8 12 9 4 7
5 3 12 13 9 4 14 2 6 17 8 11 16 1 15 10 7
14 11 2 3 5 12 8 10 1 17 7 13 6 15 4 9 16
15 1 17 6 5 4 9 16 7 8 3 11 10 13 14 12 2
14 5 8 17 7 1 6 3 11 12 15 2 16 10 13 9 4
7 3 5 8 4 14 9 15 1 11 13 12 16 10 6 2 17
7 6 1 5 16 9 8 13 11 14 17 12 3 4 2 15 10
7 4 5 13 6 14 9 17 2 12 10 15 1 3 11 8 16
17 13 3 14 16 12 1 15 6 2 4 8 9 10 11 7 5
12 2 6 8 3 1 13 16 14 9 11 17 10 5 7 4 15
13 17 8 11 4 16 2 7 3 5 1 10 9 12 15 14 6
16 3 1 2 11 5 7 10 9 17 12 13 15 14 6 8 4
10 15 3 11 5 14 13 12 8 9 1 17 6 16 2 4 7
2 13 10 14 6 12 5 4 15 8 3 9 17 11 1 16 7
11 5 3 13 12 14 6 4 8 10 15 2 9 16 1 17 7
2 13 4 11 3 10 14 17 12 6 15 16 5 8 1 7 9
3 10 14 1 5 8 9 6 11 16 7 17 12 2 15 4 13

1
Agatha
1
1
1
1
1
1
1
1

16
Luke
Clyde
Yoko
Gary
Elvis
Jacob
Madlin
James
Joseph
Barney
Agatha
Tyler
Rob
Dominic
Natalie
John
9 1 5 8 10 7 11 4 15 2 6 12 16 3 14 13
9 15 4 5 3 10 8 7 12 1 6 16 2 13 11 14
2 9 13 6 7 4 14 1 10 3 12 16 15 5 8 11
7 5 13 14 9 3 15 10 12 8 2 4 1 16 6 11
2 10 9 5 16 15 7 13 3 11 8 12 4 14 6 1
9 13 2 4 14 16 12 5 10 11 15 7 1 3 6 8
9 2 8 5 7 15 4 11 10 1 16 13 14 3 12 6
2 9 5 13 8 16 1 6 14 15 10 7 12 11 4 3
7 16 8 14 11 4 9 12 15 3 1 2 10 5 13 6
2 16 5 1 14 11 3 12 15 13 4 10 8 9 6 7
10 9 11 6 13 5 14 15 16 8 3 7 4 12 2 1
6 1 12 13 14 5 15 2 4 8 16 10 3 7 11 9
7 4 16 10 1 15 12 11 13 14 5 9 3 8 2 6
1 10 4 7 12 16 3 6 9 2 8 15 5 13 11 14
12 14 11 2 7 9 1 8 4 10 15 6 16 13 5 3
4 2 13 10 14 12 11 16 5 1 8 6 15 7 3 9
3 16 9 11 14 15 7 6 5 2 12 8 10 4 13 1
15 13 16 7 14 9 3 4 10 11 1 12 8 5 2 6
16 10 15 11 12 14 4 5 9 1 7 8 2 3 6 13

0










4
Yoko
Agatha
Luke
John
4 1 3 2
1 4 3 2
4 2 1 3
1 3 4 2
3 1 2 4
3 1 4 2
4 3 2 1
2 3 1 4
2 3 1 4
3 4 1 2
4 3 2 1
1 4 3 2
4 2 3 1
1 3 2 4
1 2 4 3
2 3 1 4

8
Jacob
Elvis
Agatha
Luke
Joseph
Yoko
Barney
John
4 8 1 2 6 7 5 3
4 3 7 6 8 5 1 2
6 3 2 5 7 8 4 1
5 1 4 7 6 2 3 8
3 6 1 4 7 2 5 8
8 3 5 4 6 7 2 1
1 8 7 6 4 3 2 5
7 2 5 6 3 4 8 1
5 3 8 4 7 6 1 2
2 1 6 7 8 4 5 3

16
Tyler
Rob
Clyde
Jacob
Elvis
Luke
Agatha
Natalie
Yoko
Joseph
James
John
Gary
Madlin
Dominic
Barney
7 4 8 13 9 11 16 1 6 10 14 5 12 3 15 2
6 11 9 13 8 10 1 4 7 15 3 5 14 16 12 2
14 3 1 12 10 5 15 6 16 11 13 7 9 4 8 2
4 3 6 9 14 2 12 5 13 8 10 1 7 16 15 11
8 9 3 13 11 10 5 7 4 6 1 15 16 14 12 2
8 16 10 11 3 12 5 15 13 14 9 2 4 7 6 1
9 13 2 16 10 1 6 12 4 15 14 8 3 11 7 5
12 10 8 6 4 3 14 15 5 11 1 9 7 13 16 2
16 13 14 10 12 2 7 15 5 4 9 8 6 3 11 1
12 1 5 15 11 4 7 14 6 3 9 8 16 10 13 2

10
John
Barney
Joseph
Jacob
Clyde
Elvis
Luke
Agatha
James
Yoko
2 10 8 7 5 4 9 6 1 3
9 8 3 10 1 2 5 4 7 6
2 7 8 4 5 3 6 10 1 9
4 7 5 1 9 3 8 10 2 6
2 3 9 6 4 8 10 5 7 1
4 5 10 9 8 1 3 6 7 2
3 6 7 9 2 4 8 1 5 10
8 1 9 2 6 5 7 10 3 4
9 8 4 1 7 3 5 2 10 6
10 6 7 2 9 3 8 4 1 5
9 4 3 8 7 5 2 6 1 10
1 2 4 6 10 3 7 9 8 5
5 9 7 10 2 3 1 4 8 6

6
Luke
Elvis
Barney
John
Agatha
Yoko
1 6 2 3 4 5
3 2 4 6 5 1
6 4 1 2 5 3
1 4 3 6 2 5
1 3 6 5 4 2
6 5 4 2 1 3
6 4 5 3 1 2
2 6 4 5 3 1
1 6 3 4 5 2
1 4 3 2 6 5
6 2 4 5 1 3
5 2 1 4 3 6
3 4 6 1 2 5
3 2 1 5 4 6
6 5 1 3 2 4
4 5 6 1 2 3
3 5 2 4 1 6

8
John
Yoko
Elvis
Jacob
Luke
Joseph
Barney
Agatha
3 7 1 4 5 6 8 2
1 6 7 5 4 2 3 8
1 3 5 4 2 8 6 7

14
Yoko
Gary
Clyde
Elvis
John
Jacob
Barney
Joseph
Natalie
Luke
James
Tyler
Rob
Agatha
9 12 4 14 5 1 2 7 6 3 10 8 13 11
8 2 1 11 4 6 14 10 13 12 7 9 5 3
11 1 14 7 2 8 3 10 6 5 12 13 4 9
13 2 5 7 3 8 1 11 6 14 12 9 4 10
14 4 12 9 1 7 10 13 11 3 2 6 8 5
6 14 8 5 13 11 4 1 3 2 10 7 12 9
2 13 7 8 12 14 10 5 4 3 1 9 11 6

13
Natalie
James
Elvis
Yoko
Agatha
Rob
Clyde
Tyler
John
Jacob
Barney
Joseph
Luke
11 3 4 7 5 2 1 9 13 12 6 10 8
4 1 12 9 5 3 11 6 8 10 7 2 13
3 5 6 1 7 2 4 12 8 10 9 11 13
6 5 12 3 8 7 11 9 2 4 13 10 1
4 10 3 13 8 11 12 2 5 6 9 7 1
10 8 12 2 3 5 6 11 13 9 7 1 4
6 7 12 2 11 9 5 4 3 1 8 13 10
13 7 2 10 1 5 3 11 6 4 9 8 12
2 5 11 6 8 9 1 3 10 12 4 7 13
12 11 5 13 1 9 3 10 6 8 7 2 4
6 1 12 10 2 4 13 5 11 9 7 3 8
5 12 8 3 10 2 6 11 9 1 4 7 13

7
John
Barney
Elvis
Yoko
Agatha
Jacob
Luke
5 4 7 1 6 2 3
5 4 2 3 7 6 1
1 5 6 3 7 4 2

4
John
Agatha
Yoko
Luke
1 3 4 2
1 2 3 4
3 1 2 4
2 1 3 4
2 1 3 4
1 2 4 3
4 3 2 1

10
James
Luke
Elvis
Joseph
John
Barney
Yoko
Clyde
Jacob
Agatha
2 3 9 1 7 10 5 8 4 6
5 1 9 2 10 8 7 3 6 4
2 10 7 5 4 6 9 8 1 3
6 8 10 7 2 3 9 5 1 4
7 5 6 9 4 2 3 1 8 10
8 4 1 5 7 2 3 9 6 10
2 7 8 3 10 5 6 1 9 4
4 8 7 1 6 2 5 9 10 3
4 9 3 8 6 7 2 10 1 5
4 10 3 8 6 1 5 2 9 7
2 5 7 6 1 8 3 4 9 10
9 8 3 4 7 2 5 6 10 1

13
Rob
James
Natalie
Elvis
Barney
Clyde
Luke
Agatha
Tyler
John
Joseph
Yoko
Jacob
8 7 6 9 10 2 12 5 4 1 3 13 11
1 6 7 4 13 5 10 3 12 8 2 9 11
1 3 10 12 13 8 11 4 9 6 2 5 7
4 7 3 10 6 11 8 2 12 1 13 5 9
9 11 5 2 4 13 10 8 6 7 3 1 12
8 5 6 7 9 2 12 10 3 13 1 11 4
12 7 10 3 8 9 6 11 5 1 13 2 4

9
Yoko
Luke
Agatha
Barney
Jacob
Joseph
John
Elvis
Clyde
7 4 3 6 2 5 9 8 1
8 2 5 9 7 3 1 4 6
2 7 9 5 1 4 8 6 3
8 2 6 7 9 5 1 3 4
2 5 4 6 1 7 3 8 9
6 7 4 5 2 9 3 8 1
2 5 6 9 4 8 7 1 3
1 6 7 8 3 9 5 4 2
8 3 9 4 5 2 7 1 6
2 4 3 8 5 6 9 1 7
6 9 7 8 5 1 3 2 4
8 7 5 9 3 4 6 1 2
5 8 1 9 3 7 4 2 6

6
Yoko
Barney
Agatha
Luke
Elvis
John
5 3 2 6 4 1
1 3 5 2 4 6
2 1 5 6 3 4
2 1 3 5 6 4
1 5 2 3 6 4
1 4 6 5 3 2
1 5 2 4 6 3
4 1 2 3 6 5
1 4 3 6 2 5
6 3 1 5 4 2

17
Clyde
Barney
Thea
Luke
Dominic
John
Madlin
Gary
Yoko
Natalie
Rob
Tyler
James
Agatha
Jacob
Elvis
Joseph
1 10 15 12 6 9 16 17 14 13 8 3 2 7 4 11 5
8 16 6 13 4 12 17 5 11 1 15 7 2 9 3 14 10
2 3 5 14 15 6 10 17 12 16 11 7 9 8 4 13 1
16 9 17 14 4 1 7 12 10 13 11 8 6 3 5 2 15
11 1 12 2 8 3 16 10 4 6 15 14 9 17 5 7 13
4 17 14 12 6 9 11 2 5 13 10 8 16 1 15 3 7
7 15 14 11 9 3 12 13 4 17 8 6 10 2 16 1 5
8 2 6 12 11 10 3 4 17 13 1 7 5 9 16 14 15
1 10 9 12 16 3 14 5 17 13 4 7 15 11 2 8 6
13 17 6 15 10 7 2 11 12 5 14 1 9 16 3 8 4
4 12 11 15 7 14 16 5 1 9 17 10 2 8 3 6 13
9 12 17 14 8 5 16 13 1 15 11 10 3 6 2 7 4
16 12 7 9 15 1 6 4 5 17 10 3 14 2 13 8 11
2 8 15 14 4 9 16 17 5 1 7 13 10 11 3 6 12
15 13 6 11 14 10 8 12 1 17 9 5 16 3 7 4 2
9 10 13 2 3 1 11 7 6 12 17 8 4 5 15 16 14
4 1 10 12 16 9 3 11 5 15 7 14 13 17 6 8 2
3 6 14 16 15 7 13 8 12 5 11 17 10 1 2 4 9

8
John
Yoko
Agatha
Luke
Jacob
Elvis
Joseph
Barney
5 4 2 6 7 8 3 1
8 6 4 2 7 5 3 1
6 3 5 8 4 2 1 7
8 2 5 6 7 4 1 3
2 3 8 1 7 5 6 4
5 4 3 2 1 7 8 6
5 6 7 2 1 3 8 4
8 3 2 6 1 4 7 5
2 4 1 3 6 7 5 8

8
Luke
Elvis
Jacob
Barney
Yoko
Agatha
Joseph
John
7 6 3 2 4 5 8 1
3 5 8 2 1 7 6 4
5 8 7 6 2 1 3 4
1 4 7 3 2 8 6 5
1 2 8 3 6 4 5 7
3 4 2 8 1 6 7 5

7
Yoko
Luke
John
Barney
Jacob
Agatha
Elvis
1 5 6 7 2 3 4
7 2 6 4 1 5 3
3 2 1 5 4 6 7
2 4 3 7 1 6 5
1 7 6 4 2 5 3
1 2 6 3 5 7 4

14
Yoko
Agatha
Elvis
Luke
Gary
Joseph
James
Natalie
Tyler
Jacob
Clyde
Barney
John
Rob
7 1 4 10 13 9 12 6 11 3 5 8 14 2
14 8 1 5 7 13 6 3 12 11 9 4 2 10
5 6 11 10 3 8 14 4 1 7 13 2 9 12
4 10 1 13 11 7 9 2 5 8 14 12 6 3
14 2 13 3 9 11 4 10 6 5 8 7 12 1
1 6 9 14 11 3 4 12 7 8 5 13 2 10
11 5 13 6 3 2 12 14 4 9 10 7 1 8
1 11 2 14 6 8 9 12 3 5 10 13 7 4
3 10 12 13 14 8 4 11 9 6 7 5 2 1

12
James
Agatha
Elvis
Joseph
Yoko
Rob
Jacob
Barney
Luke
John
Clyde
Tyler
2 11 4 8 12 9 5 3 6 7 1 10
7 6 5 9 1 2 10 11 3 12 8 4
2 8 10 6 11 4 9 7 5 1 12 3
11 10 4 6 3 8 5 2 7 1 9 12
3 11 10 4 1 7 9 6 12 2 8 5
9 12 10 4 6 7 3 1 11 2 8 5
7 9 3 2 1 8 11 5 10 6 4 12

4
Luke
Agatha
Yoko
John
4 3 2 1
3 2 4 1
2 3 1 4
1 4 3 2
4 2 3 1
2 1 3 4
3 1 4 2
4 1 2 3
2 3 1 4
4 3 2 1
2 3 4 1

5
Elvis
John
Yoko
Agatha
Luke
3 2 4 1 5
3 5 2 4 1
4 5 3 2 1
2 3 1 4 5
2 4 1 5 3
4 1 3 2 5

13
Rob
Barney
Natalie
Tyler
Joseph
Luke
James
Jacob
John
Agatha
Elvis
Clyde
Yoko
5 11 10 3 12 8 2 7 1 6 4 9 13
3 4 7 6 8 2 12 11 10 1 13 9 5
1 13 2 3 12 10 7 6 5 4 11 8 9
2 9 3 6 10 13 11 12 4 8 5 1 7
2 3 4 10 1 9 11 12 13 5 6 7 8
5 13 11 3 4 1 12 8 6 2 10 9 7
4 6 8 13 12 3 9 10 5 2 11 1 7

16
Tyler
Joseph
James
Dominic
Gary
Madlin
Barney
Natalie
Rob
Clyde
Elvis
Yoko
Agatha
Jacob
John
Luke
5 4 7 15 1 10 14 6 9 3 8 16 11 13 12 2
9 7 5 2 15 11 10 16 14 8 6 1 12 13 3 4
15 2 16 8 12 5 4 11 7 1 3 14 6 13 9 10
4 9 2 12 6 14 1 7 15 11 10 13 5 16 8 3

10
Clyde
Barney
John
James
Agatha
Luke
Elvis
Yoko
Jacob
Joseph
10 9 4 1 3 7 2 5 8 6
1 10 3 8 4 6 5 2 9 7
3 5 2 8 10 6 1 4 9 7
9 3 1 8 4 10 7 2 5 6
3 10 5 7 6 4 8 2 1 9
8 4 1 7 6 10 2 3 9 5
4 7 10 6 1 2 5 8 9 3
1 7 2 3 6 9 8 5 10 4
6 7 8 2 3 4 10 9 1 5
6 10 1 3 7 5 9 8 2 4
9 6 3 10 5 1 4 7 2 8

8
Elvis
Yoko
Barney
Jacob
John
Agatha
Joseph
Luke
6 8 5 7 1 3 2 4
8 7 4 1 6 5 3 2
6 7 4 2 3 8 5 1
7 4 5 3 8 1 6 2
4 1 6 7 3 2 8 5
4 2 3 7 1 5 8 6
6 5 3 4 8 7 1 2
6 2 5 8 1 4 7 3
5 1 6 3 2 7 8 4
1 5 4 7 3 2 6 8
7 4 1 8 6 3 2 5

3
Luke
John
Agatha
2 1 3
3 1 2
2 3 1
1 2 3
2 3 1
2 3 1
3 1 2
3 2 1
1 2 3
3 2 1
3 1 2
3 2 1
1 2 3

13
James
Barney
Tyler
Yoko
Luke
Natalie
Elvis
John
Clyde
Jacob
Agatha
Joseph
Rob
11 13 3 9 2 7 5 8 12 4 1 10 6
4 1 9 5 10 12 7 13 8 2 11 3 6
10 4 13 1 3 12 8 7 2 11 5 6 9
12 1 8 11 6 7 9 4 10 2 5 13 3
9 8 4 10 13 3 6 12 5 7 11 2 1
7 2 8 4 3 12 10 9 1 11 13 5 6
10 12 5 4 8 6 1 2 11 9 7 13 3
7 8 12 2 6 13 10 3 5 4 1 11 9
13 8 7 10 5 2 1 4 11 6 12 9 3
13 7 9 6 11 10 1 12 4 5 8 3 2
11 7 13 12 5 10 9 4 3 8 1 2 6
1 3 13 10 4 6 8 7 5 11 12 9 2
11 9 12 2 5 4 13 6 8 1 10 3 7
1 7 4 13 3 9 5 8 6 11 12 2 10
4 13 7 8 10 5 2 6 9 12 11 3 1
3 13 6 11 2 12 10 9 1 7 5 8 4
12 13 5 4 1 3 2 9 10 7 8 11 6
4 13 3 12 8 1 7 10 5 6 2 11 9

15
Rob
James
Joseph
Gary
Luke
Agatha
Barney
Elvis
Jacob
Natalie
Tyler
Clyde
Yoko
John
Dominic
1 15 11 12 10 13 3 5 14 6 8 4 7 2 9
14 5 13 9 6 4 1 3 12 8 7 10 2 15 11
11 14 6 15 2 12 10 1 7 4 3 13 9 5 8
15 9 10 14 1 5 3 8 13 11 2 7 4 6 12
5 2 12 6 13 15 9 4 10 8 3 14 11 1 7
7 14 12 8 9 15 3 6 5 10 2 4 11 1 13
7 14 1 6 4 11 9 5 10 2 15 12 3 8 13
5 8 7 6 12 15 3 11 14 1 10 2 9 4 13
8 4 1 3 5 2 15 14 12 11 13 9 6 10 7
6 7 4 8 13 14 12 5 9 1 2 15 3 10 11
12 10 4 6 13 15 14 11 2 9 1 7 8 5 3
13 8 7 10 3 9 2 12 5 15 14 4 6 11 1
3 10 7 4 9 14 6 5 11 8 2 13 15 12 1

9
Joseph
Agatha
Jacob
John
Clyde
Barney
Elvis
Yoko
Luke
3 7 4 9 8 1 5 6 2
6 2 5 1 3 4 7 9 8
7 2 1 3 9 6 5 8 4
2 7 4 5 3 9 6 8 1
8 4 2 6 1 7 3 9 5
1 9 4 2 3 7 5 6 8
2 7 8 5 1 9 3 4 6

14
Tyler
Yoko
Jacob
Barney
Elvis
Natalie
Clyde
Agatha
Gary
James
John
Joseph
Rob
Luke
5 4 8 13 2 9 11 6 3 14 1 10 12 7
7 10 5 12 6 1 4 8 2 14 3 13 9 11
2 5 4 6 12 1 14 11 8 13 3 7 10 9
4 12 14 8 2 10 3 7 9 1 6 5 11 13
5 10 2 13 14 7 12 1 6 11 4 9 8 3
10 3 13 7 1 2 11 6 14 9 8 12 5 4
6 10 12 4 11 9 5 3 13 8 7 2 1 14
1 6 2 10 13 12 3 5 9 11 4 14 8 7
5 7 12 11 8 6 14 3 4 10 2 1 9 13

0











0









2
Agatha
John
1 2
1 2
1 2
2 1
2 1
2 1
2 1
1 2

12
Barney
Tyler
Luke
Jacob
Joseph
Elvis
Clyde
James
Yoko
John
Rob
Agatha
9 8 12 6 2 4 7 3 5 11 1 10
1 6 2 8 12 9 3 7 5 4 10 11

12
Joseph
Clyde
Tyler
Rob
Jacob
Yoko
Barney
Luke
James
Elvis
Agatha
John
11 6 7 9 3 10 4 2 8 5 1 12
1 2 9 5 11 6 4 10 8 7 3 12
1 12 6 9 11 2 7 4 3 10 8 5
5 1 3 6 7 8 11 9 10 12 2 4
12 7 11 3 5 4 9 2 1 10 8 6

16
Joseph
Barney
Madlin
Rob
Dominic
Tyler
Elvis
James
John
Clyde
Gary
Jacob
Luke
Natalie
Agatha
Yoko
7 15 16 14 11 8 9 1 13 10 5 4 6 12 3 2
11 6 4 14 12 3 1 9 8 15 13 10 16 5 2 7
9 4 7 12 13 15 5 14 1 6 16 10 3 11 2 8
10 8 5 6 2 15 1 9 4 3 7 13 14 12 16 11
8 15 7 13 1 6 9 10 2 5 12 4 14 3 11 16
8 16 11 6 5 13 12 7 2 14 9 10 4 15 3 1
6 4 9 1 5 16 12 2 8 15 13 3 14 7 11 10
4 10 1 15 9 12 7 6 13 16 11 3 2 8 14 5
16 14 6 3 11 2 7 13 15 8 5 4 12 9 1 10
4 1 6 10 7 8 9 5 3 14 12 13 2 15 16 11
6 8 7 9 14 12 11 3 2 10 13 16 5 1 4 15

14
Rob
Gary
Tyler
Yoko
Luke
Joseph
Elvis
Natalie
James
Clyde
Agatha
John
Barney
Jacob
4 3 5 8 11 7 10 13 14 9 1 6 2 12
8 13 14 3 2 9 11 1 7 6 12 4 5 10
7 12 8 5 14 13 11 9 4 3 2 1 10 6
4 12 2 1 10 9 3 6 8 7 13 5 11 14
14 1 2 12 5 7 13 9 11 8 4 10 6 3
10 2 3 7 1 6 4 14 12 9 13 5 11 8
7 4 8 14 11 10 2 1 6 9 12 5 13 3

10
Yoko
Barney
Agatha
Jacob
James
Elvis
Joseph
Luke
John
Clyde
6 3 2 10 9 8 1 4 5 7
10 5 3 6 7 8 2 9 4 1
7 9 6 1 5 4 2 8 3 10
3 2 1 9 8 10 7 6 4 5
10 8 9 2 4 6 1 5 7 3
2 6 5 7 1 8 4 10 3 9
8 5 1 4 7 3 10 9 6 2
1 2 3 7 9 8 6 10 4 5
3 9 10 2 4 8 1 7 5 6
9 5 6 2 4 8 1 3 7 10
1 4 3 2 9 10 8 6 5 7
8 6 10 1 2 5 9 7 4 3
3 6 5 4 2 10 8 7 9 1
1 10 3 6 2 5 4 9 7 8
3 8 4 5 1 10 2 9 7 6
3 7 4 8 9 1 5 2 6 10
7 9 5 3 2 10 6 8 4 1
7 6 1 3 5 10 4 9 2 8

3
Agatha
Luke
John
1 2 3
2 3 1
3 2 1
1 2 3
1 3 2
2 1 3
2 3 1
2 1 3
2 1 3

17
Jacob
James
Madlin
John
Thea
Dominic
Rob
Natalie
Tyler
Barney
Agatha
Joseph
Elvis
Yoko
Clyde
Gary
Luke
3 12 13 14 16 10 2 11 4 17 6 5 7 9 8 15 1
9 7 8 1 2 12 14 17 4 10 6 3 15 11 5 16 13
1 12 16 8 4 17 13 5 7 9 6 10 11 2 15 3 14
12 5 13 9 2 7 1 8 16 6 14 15 11 3 4 17 10
11 8 10 6 17 9 7 4 12 5 16 1 3 14 2 13 15
16 4 10 2 3 12 7 11 6 13 1 8 5 14 9 15 17

14
Tyler
Joseph
Jacob
Luke
Clyde
Elvis
Gary
James
Agatha
Yoko
John
Barney
Natalie
Rob
7 8 10 2 12 4 6 13 1 9 5 14 3 11
6 3 10 12 14 13 7 1 2 8 5 9 11 4
13 12 4 14 3 7 2 8 10 11 9 5 1 6
13 11 10 12 2 4 14 3 1 6 5 7 9 8
10 5 6 12 7 9 13 14 1 2 11 3 8 4

9
Luke
Yoko
Jacob
Joseph
Barney
Clyde
John
Elvis
Agatha
3 1 6 4 5 8 7 9 2
1 7 8 4 2 9 3 5 6
5 6 1 7 9 2 8 3 4
4 5 7 9 8 2 1 3 6
5 4 2 9 3 8 6 1 7

8
Barney
Joseph
Yoko
Elvis
John
Agatha
Luke
Jacob
2 4 1 8 7 5 6 3
6 8 7 2 3 5 4 1
5 8 7 4 2 1 3 6
2 3 1 5 8 4 6 7
3 2 8 7 5 6 1 4

7
Agatha
Elvis
Barney
John
Luke
Jacob
Yoko
5 4 6 3 1 2 7
1 7 3 5 4 2 6
2 1 3 5 4 7 6
1 4 3 6 5 7 2
4 5 1 2 7 3 6
2 3 5 6 1 4 7
1 7 6 2 5 4 3
5 3 4 2 1 7 6

1
Agatha
1
1
1
1
1
1
1
1
1
1
1

12
James
Jacob
Luke
Joseph
Agatha
Barney
Rob
John
Yoko
Clyde
Tyler
Elvis
3 11 6 1 9 10 5 2 8 7 4 12
1 12 6 7 9 11 4 5 8 3 2 10
7 2 11 6 4 1 8 3 10 9 12 5
6 5 10 3 7 2 9 1 12 11 8 4
9 4 2 6 10 7 5 11 8 1 3 12
6 7 9 4 8 11 2 10 12 1 3 5
3 5 10 8 4 2 9 7 6 1 11 12
8 5 4 6 1 7 2 12 11 10 9 3
9 2 8 12 6 10 4 3 1 7 11 5
3 8 5 10 7 1 4 2 9 12 6 11
8 5 7 10 11 6 12 4 9 2 1 3
4 10 9 5 12 3 7 2 8 6 11 1
5 8 2 1 3 10 7 9 11 6 12 4
4 2 12 6 3 7 10 5 11 1 8 9

1
Agatha
1
1
1
1
1

3
John
Luke
Agatha
1 3 2
2 3 1
2 3 1
2 3 1
3 1 2
3 2 1
1 3 2
3 2 1
2 1 3
3 1 2
2 3 1
2 1 3
1 3 2
1 3 2
3 1 2
3 1 2
3 1 2
1 2 3
3 1 2
1 3 2
3 2 1

9
Barney
Elvis
Clyde
Jacob
John
Agatha
Luke
Joseph
Yoko
1 2 9 3 4 6 8 7 5
7 1 4 5 2 3 8 6 9
3 8 9 7 1 4 6 5 2
9 2 1 8 5 3 6 4 7
8 1 7 3 4 6 2 9 5
7 4 3 1 2 9 6 5 8
6 1 2 7 4 3 5 8 9
1 2 7 4 6 8 3 9 5
2 3 1 8 4 6 5 7 9
6 5 3 2 9 8 4 7 1

16
Barney
James
Gary
Dominic
Tyler
Rob
Joseph
Madlin
John
Agatha
Luke
Elvis
Natalie
Yoko
Jacob
Clyde
5 12 11 6 14 3 2 10 1 8 15 9 16 4 13 7
16 3 11 7 10 14 6 9 12 15 5 1 4 13 8 2
10 12 14 11 3 5 8 7 15 16 4 1 13 2 9 6
8 2 3 16 12 1 4 5 6 9 10 13 14 11 15 7
9 7 2 15 4 16 8 14 5 1 3 11 12 13 10 6
11 2 8 6 7 9 4 10 1 15 5 13 12 16 14 3

10
John
Jacob
Barney
Joseph
Luke
Agatha
Yoko
Elvis
James
Clyde
3 2 5 9 7 1 10 4 6 8
8 6 9 1 2 10 4 5 3 7
2 1 3 9 8 6 7 10 4 5
3 5 7 4 8 2 9 6 1 10
8 7 5 1 2 6 9 10 3 4
4 9 10 7 6 3 8 5 1 2
1 10 8 4 3 5 9 6 2 7
3 9 5 4 2 1 8 7 10 6
8 3 9 10 6 5 1 4 7 2
4 7 6 1 8 9 3 2 10 5
9 7 5 4 6 1 10 2 3 8

11
Joseph
Yoko
Agatha
Barney
John
Elvis
Luke
Clyde
James
Jacob
Tyler
8 10 6 1 3 11 4 9 7 2 5
5 2 11 1 7 10 8 9 6 4 3
11 4 6 3 5 1 9 10 7 8 2
11 1 3 4 7 2 5 8 9 6 10
9 2 3 11 7 6 4 8 5 10 1
9 8 2 3 4 7 5 6 1 11 10
2 11 5 10 4 3 6 8 9 1 7
11 1 10 4 6 8 2 3 5 7 9
7 4 2 9 11 1 5 10 6 8 3

13
Agatha
Clyde
Yoko
John
Joseph
James
Barney
Elvis
Tyler
Natalie
Rob
Jacob
Luke
8 9 10 13 7 12 3 6 11 1 5 2 4
5 2 13 12 4 11 8 10 6 3 9 7 1
5 12 7 8 9 6 13 10 3 11 4 1 2
1 11 5 2 4 10 12 8 13 3 6 9 7
12 10 5 7 6 11 1 9 4 2 8 13 3

4
Yoko
Luke
Agatha
John
2 1 3 4
1 2 3 4
2 3 4 1
1 3 4 2
4 1 2 3
4 1 2 3
1 4 3 2
2 4 1 3
4 1 2 3
1 2 3 4
1 3 4 2
2 4 3 1
2 4 1 3
1 4 3 2
1 2 4 3
4 3 2 1
1 3 4 2
1 2 4 3
4 2 1 3
3 2 4 1
2 4 1 3
3 2 4 1
1 4 3 2

14
Luke
Tyler
Natalie
Agatha
Clyde
Rob
Yoko
Joseph
James
Elvis
Barney
John
Gary
Jacob
5 2 9 10 11 6 8 3 14 7 1 12 13 4
3 8 10 12 2 13 1 11 9 14 4 5 7 6
1 4 8 10 14 6 13 11 2 9 12 7 5 3
13 6 8 12 3 5 11 7 10 1 14 2 9 4
3 7 2 14 5 4 11 1 9 6 8 12 10 13
9 12 3 10 1 2 8 11 4 7 13 6 14 5
11 1 7 14 5 2 8 13 3 9 4 10 6 12
5 7 2 3 14 10 13 4 1 8 11 9 6 12
4 7 8 5 2 14 6 1 10 12 3 9 11 13
14 9 12 6 4 13 8 5 10 1 3 11 7 2
1 13 11 3 8 9 14 6 4 10 7 5 12 2

1
Agatha
1
1

6
John
Yoko
Elvis
Barney
Luke
Agatha
4 2 1 3 5 6
4 2 3 5 6 1
4 6 2 1 5 3

9
Yoko
Luke
Jacob
Elvis
Barney
John
Agatha
Joseph
Clyde
3 4 2 9 8 6 1 5 7
2 7 9 3 4 6 1 8 5
6 9 1 5 2 8 7 4 3
4 7 6 3 1 2 5 8 9
5 3 1 4 7 8 2 6 9
5 3 4 7 9 2 6 1 8

4
Luke
Agatha
John
Yoko
4 3 2 1
4 2 3 1
2 1 3 4
1 3 4 2
2 4 3 1
2 3 1 4
2 3 4 1
2 1 3 4
4 1 3 2
1 2 4 3
4 3 1 2

17
Barney
John
Madlin
Rob
Natalie
Joseph
Thea
Tyler
Agatha
Elvis
Clyde
Gary
Dominic
James
Jacob
Yoko
Luke
4 17 3 16 5 14 6 7 13 11 8 2 9 10 1 12 15
11 9 17 5 3 8 12 15 2 6 10 13 4 14 1 16 7
5 13 11 4 17 1 6 8 12 16 14 9 3 15 10 2 7
12 5 15 8 7 16 14 10 1 2 9 13 3 17 11 4 6
7 10 6 5 15 12 14 9 17 2 4 16 8 3 13 1 11
12 14 16 7 5 2 3 6 4 8 17 15 13 9 1 10 11
11 6 9 7 5 8 13 10 14 15 17 4 2 3 12 1 16
11 13 8 9 3 16 4 15 1 7 12 14 10 5 17 2 6
10 4 2 7 9 15 16 1 17 5 13 8 6 14 3 11 12
4 15 13 16 1 14 8 10 3 7 6 11 17 2 12 5 9
7 13 12 11 5 1 6 14 4 17 15 2 16 10 8 9 3

16
Jacob
James
Rob
Joseph
Gary
Dominic
Barney
John
Yoko
Madlin
Clyde
Natalie
Elvis
Agatha
Tyler
Luke
15 4 14 11 13 8 7 16 2 3 9 12 5 6 1 10
4 8 3 11 15 1 13 9 14 6 7 10 12 2 16 5
7 8 3 11 1 14 10 6 15 9 5 12 13 16 2 4
14 15 12 6 5 4 10 1 7 13 8 11 9 3 2 16
15 1 10 3 16 6 11 9 5 7 12 2 8 4 14 13
16 13 11 14 3 6 7 12 15 10 5 9 4 8 1 2
9 3 6 8 10 14 16 12 1 13 15 11 5 7 2 4

2
John
Agatha
2 1
2 1
2 1
1 2
1 2
1 2
1 2
1 2
2 1

15
James
Yoko
Barney
Luke
Dominic
Natalie
Clyde
Jacob
Elvis
Rob
John
Gary
Tyler
Agatha
Joseph
8 3 6 13 12 5 10 2 7 15 4 11 14 9 1
3 15 8 7 6 12 5 2 1 13 14 4 11 9 10
13 7 11 15 8 5 4 10 1 3 2 9 12 6 14
4 6 15 2 1 14 5 10 11 7 12 13 8 3 9
6 15 14 4 2 1 13 9 7 3 8 5 10 11 12

10
John
Barney
Yoko
Luke
Agatha
James
Clyde
Elvis
Joseph
Jacob
1 3 8 5 6 2 7 10 4 9
2 1 5 3 4 7 10 9 6 8
6 5 2 10 7 3 4 9 1 8
7 8 5 1 2 4 10 9 3 6
4 5 9 10 7 1 3 8 6 2
6 2 8 5 1 7 3 9 10 4
8 5 10 4 3 6 1 9 7 2
4 3 5 9 6 1 2 8 10 7
8 4 1 10 3 9 6 7 2 5
4 1 5 3 8 9 2 10 7 6
8 9 5 7 4 10 6 3 2 1
1 2 3 10 9 5 4 6 7 8
9 7 4 3 10 6 8 1 5 2
10 1 2 7 6 4 8 9 5 3
7 10 8 5 9 2 6 3 1 4

3
Agatha
Luke
John
3 1 2
3 2 1
2 3 1
1 2 3
2 1 3
2 3 1
1 3 2
3 2 1
3 1 2
2 1 3
1 3 2
1 3 2
3 2 1

6
John
Luke
Elvis
Yoko
Barney
Agatha
4 1 6 5 3 2
3 5 4 2 1 6
5 3 6 2 1 4
1 3 5 4 2 6
1 6 2 3 4 5
5 4 6 2 3 1
3 4 2 5 1 6
5 6 3 2 4 1
2 1 6 4 3 5
2 3 1 6 5 4
5 4 1 2 3 6

15
Luke
Natalie
Dominic
James
John
Elvis
Barney
Jacob
Agatha
Tyler
Rob
Gary
Yoko
Clyde
Joseph
3 15 4 10 2 6 1 5 13 8 14 11 7 9 12
15 7 9 2 10 14 3 4 12 8 6 13 11 1 5
3 1 9 4 11 15 13 7 8 6 12 14 2 10 5
13 8 12 3 11 6 9 10 4 1 7 14 2 5 15
4 12 5 11 3 10 15 6 7 1 13 9 14 2 8
3 8 1 13 5 4 7 15 10 9 12 2 11 14 6
15 5 1 11 3 7 8 6 2 10 14 13 9 4 12
2 14 3 10 8 1 12 15 9 6 13 4 7 5 11

2
Agatha
John
2 1
2 1
2 1
2 1
1 2
1 2
1 2
1 2
1 2
1 2
1 2

13
John
Joseph
James
Tyler
Agatha
Natalie
Yoko
Luke
Clyde
Rob
Elvis
Jacob
Barney
5 1 2 4 6 11 7 8 3 9 10 13 12
10 12 9 6 7 4 8 3 11 5 13 2 1
1 10 12 7 3 2 9 5 8 4 13 11 6
13 11 5 6 3 8 7 1 9 12 10 2 4
7 3 9 10 4 11 1 5 13 12 2 6 8
8 9 10 2 5 1 12 13 6 11 7 4 3
4 1 8 7 11 6 12 13 3 5 9 10 2
3 11 7 5 13 9 4 6 10 1 2 8 12
5 13 8 9 1 3 12 11 2 10 6 4 7
7 9 8 2 5 12 11 3 6 10 1 13 4
5 9 12 3 6 1 2 4 10 13 7 8 11
9 11 5 8 6 7 12 2 4 1 3 10 13
12 8 11 3 1 2 5 10 13 4 6 9 7
9 11 1 2 7 13 10 6 3 4 5 12 8
6 7 1 8 10 4 5 9 2 3 12 13 11
2 11 6 1 7 12 5 13 3 9 10 4 8
11 5 7 4 3 13 8 10 9 12 1 2 6
3 10 13 6 7 9 8 4 11 1 12 5 2
4 8 2 10 5 9 12 3 6 1 13 11 7

3
John
Luke
Agatha
3 1 2
2 1 3
2 1 3
1 2 3
1 2 3
1 2 3
2 1 3
1 2 3
2 3 1
3 2 1
1 3 2
1 2 3
2 3 1
3 1 2

16
Elvis
Joseph
Tyler
James
Jacob
Barney
Natalie
Luke
Agatha
Rob
Clyde
John
Madlin
Dominic
Gary
Yoko
15 16 9 14 13 1 11 12 4 6 2 10 3 7 5 8
6 5 15 1 16 3 11 12 13 2 9 10 14 8 7 4
14 10 1 11 9 2 15 16 12 6 7 8 3 13 4 5
16 10 13 3 9 8 4 12 5 2 7 14 1 11 15 6
9 16 8 2 1 3 14 11 5 10 7 15 4 13 6 12
3 6 16 1 11 4 7 10 8 15 12 13 9 5 2 14
9 1 7 13 4 16 14 15 10 12 11 5 8 2 3 6
16 4 12 14 15 11 7 8 13 5 2 6 10 9 3 1
4 6 9 2 12 15 14 11 3 16 7 13 1 5 8 10
4 10 16 6 9 8 1 14 3 12 5 13 7 11 2 15
9 15 8 6 1 5 4 13 3 16 14 11 2 10 12 7

0




16
John
Madlin
Luke
Barney
Jacob
Dominic
Natalie
Rob
Agatha
Yoko
Elvis
James
Gary
Tyler
Clyde
Joseph
8 12 2 14 5 6 7 3 1 9 15 13 4 16 10 11
8 3 4 16 13 14 6 12 11 10 15 7 2 5 1 9
12 5 14 16 4 11 9 15 3 2 8 10 1 7 13 6
12 7 15 6 5 4 11 9 16 14 10 2 13 3 1 8

11
Yoko
Clyde
Joseph
Agatha
Barney
John
Tyler
James
Jacob
Elvis
Luke
8 2 5 1 6 10 7 4 3 9 11
5 8 1 3 6 9 4 10 11 2 7
6 8 2 10 7 5 4 9 11 1 3
11 9 8 4 5 10 1 7 6 3 2
11 5 2 6 9 1 10 7 3 8 4
1 4 2 3 9 8 6 11 5 7 10
7 3 1 11 2 10 4 5 8 9 6

5
Elvis
Agatha
Luke
John
Yoko
3 5 2 1 4
1 3 5 4 2
5 2 1 4 3
5 2 1 3 4
4 2 1 3 5

17
Gary
Rob
Natalie
Jacob
Dominic
Barney
Yoko
Agatha
John
Madlin
Thea
Luke
James
Tyler
Clyde
Elvis
Joseph
17 14 11 6 16 5 13 8 15 1 4 3 2 12 9 7 10
2 15 17 4 14 13 3 11 5 12 7 8 9 6 1 10 16
5 10 16 17 3 8 11 1 7 15 14 2 6 12 4 9 13
12 2 11 3 17 1 16 10 14 8 13 15 9 5 7 6 4
2 13 11 1 7 10 3 12 14 6 5 4 16 17 15 8 9
10 3 5 15 7 17 2 8 16 1 13 4 12 11 6 14 9

15
Agatha
Gary
Natalie
John
Barney
Joseph
Elvis
Jacob
Tyler
Luke
Rob
James
Clyde
Dominic
Yoko
11 13 10 2 4 15 8 6 3 5 14 9 1 7 12
15 7 5 9 14 12 10 13 6 4 8 3 2 1 11
9 4 12 1 2 10 3 8 14 5 11 6 7 15 13
13 9 7 15 12 4 10 5 14 11 1 2 3 8 6
5 1 7 11 15 4 13 12 9 10 2 3 6 8 14
9 11 4 13 6 2 1 3 7 10 12 14 5 15 8
10 3 12 7 5 11 14 15 4 9 13 8 6 2 1

1
Agatha
1
1
1
1
1
1
1
1
1
1
1
1

3
John
Agatha
Luke
1 3 2
1 2 3
3 2 1
3 1 2
3 2 1

12
Elvis
Joseph
Rob
Yoko
Luke
Tyler
Jacob
Barney
Agatha
Clyde
James
John
8 1 11 2 3 7 12 10 4 5 9 6
8 3 10 9 11 1 12 5 2 7 4 6
6 11 10 4 7 1 9 8 5 12 3 2
10 4 7 3 5 6 11 12 9 8 2 1
8 3 1 9 6 11 7 2 5 10 12 4
10 2 8 6 9 5 12 7 11 4 3 1
9 7 3 10 1 2 12 8 6 5 11 4
4 10 6 8 1 11 2 3 12 7 9 5
10 2 7 5 8 11 12 6 9 3 4 1
2 9 7 3 12 11 8 5 4 1 6 10
11 2 8 3 7 9 6 12 5 4 10 1

9
Joseph
Agatha
John
Elvis
Yoko
Clyde
Barney
Luke
Jacob
2 8 7 9 1 5 4 3 6
9 3 5 6 2 1 7 4 8
5 3 1 6 4 2 9 8 7
1 4 3 8 5 9 7 6 2
8 2 6 5 4 7 1 3 9
5 8 9 1 7 2 6 3 4
9 2 3 6 7 1 8 4 5
6 5 2 3 7 4 8 9 1

17
Thea
Jacob
Clyde
Luke
James
Natalie
Dominic
Elvis
Barney
Gary
Joseph
Agatha
Rob
John
Tyler
Madlin
Yoko
11 6 10 14 9 4 16 8 12 15 3 1 5 2 13 7 17
11 13 15 9 1 3 17 8 6 5 16 10 2 14 12 7 4
3 5 15 4 17 14 2 9 12 16 1 7 13 11 8 10 6
10 4 7 9 1 17 15 2 8 11 6 5 3 13 14 12 16
4 12 16 13 6 14 10 9 5 11 7 2 8 17 1 3 15
14 15 12 5 2 16 7 11 3 1 9 17 10 6 8 4 13
15 3 7 10 12 5 8 9 13 6 2 1 4 14 11 17 16
13 9 15 10 7 6 8 1 17 16 3 11 14 2 5 4 12
9 13 1 10 3 8 4 6 7 17 2 11 16 5 12 14 15
6 9 2 1 7 16 5 13 3 11 12 8 17 14 15 4 10
12 17 14 11 1 4 16 9 10 15 6 5 13 7 2 8 3
14 2 5 16 9 15 11 1 6 17 4 12 8 13 10 7 3
16 15 12 10 9 17 7 13 14 6 8 3 2 11 1 4 5
10 5 8 9 17 16 4 6 15 11 2 12 1 7 13 3 14

8
Joseph
Agatha
Yoko
Elvis
Jacob
John
Barney
Luke
3 2 8 6 7 5 4 1
1 7 6 3 5 4 2 8
8 2 7 5 6 3 4 1

17
Clyde
Agatha
Jacob
Elvis
John
Tyler
Madlin
Gary
Dominic
Natalie
Luke
James
Joseph
Thea
Rob
Yoko
Barney
2 16 15 9 14 8 17 1 5 6 12 4 3 13 11 10 7
5 7 4 10 12 13 1 17 14 16 8 3 11 15 2 9 6
2 7 3 8 13 6 12 14 4 16 17 5 15 10 9 1 11
8 14 4 15 1 5 13 16 17 9 2 11 6 12 10 7 3
16 14 7 2 17 11 15 1 5 13 3 12 4 10 6 9 8
11 7 4 6 8 2 5 17 1 12 16 3 14 10 15 13 9
11 10 7 9 13 14 8 6 3 12 17 16 15 2 1 4 5
10 4 6 14 13 3 9 1 11 7 15 17 16 2 12 5 8
5 6 1 16 9 3 15 13 8 17 11 14 4 10 7 12 2
10 12 17 9 16 13 1 14 7 2 15 4 6 5 11 3 8
17 13 16 8 9 10 14 11 1 5 12 2 6 4 15 3 7
7 17 4 9 6 11 14 3 5 10 13 2 8 16 12 1 15
13 3 15 1 17 8 4 10 11 7 9 6 2 16 5 12 14
10 3 11 14 5 13 4 7 16 1 15 8 2 9 12 6 17
5 10 8 11 15 13 16 12 3 14 7 1 17 2 4 6 9

15
Joseph
James
Tyler
Elvis
Dominic
Yoko
Gary
Jacob
John
Barney
Agatha
Clyde
Luke
Rob
Natalie
1 15 3 4 2 10 6 8 9 7 5 13 12 14 11
10 13 14 9 1 7 6 3 4 15 2 5 11 12 8
7 10 6 11 9 3 14 15 2 8 1 4 12 13 5
12 8 2 9 15 14 4 3 11 5 1 6 13 7 10
13 8 3 5 10 4 11 12 14 15 1 7 6 9 2
5 1 13 2 12 7 8 11 6 10 9 14 4 15 3
8 11 13 1 12 5 9 4 6 2 14 10 15 7 3
14 4 7 3 15 1 8 5 10 11 13 12 2 9 6
7 10 6 4 15 3 1 12 8 13 5 14 11 2 9
5 7 11 3 2 10 1 9 14 6 8 15 12 13 4

3
Agatha
Luke
John
1 3 2
2 1 3

9
Joseph
Jacob
Yoko
Barney
Agatha
Luke
Clyde
Elvis
John
2 4 7 6 5 8 1 3 9
1 5 2 7 6 9 8 3 4
4 7 2 1 8 3 9 6 5
1 8 9 6 2 3 4 7 5
2 3 9 4 8 7 1 5 6
4 7 5 9 8 3 2 1 6
1 9 8 3 4 5 6 7 2

4
Agatha
Luke
Yoko
John
3 1 2 4
1 3 4 2
1 3 4 2
3 1 4 2
1 4 2 3

3
Agatha
Luke
John
3 2 1
2 3 1
2 3 1
2 1 3
2 3 1
2 1 3
2 3 1
3 2 1
2 1 3
3 2 1

5
Yoko
John
Agatha
Luke
Elvis
3 1 5 2 4
4 2 5 1 3
1 4 3 2 5
5 3 4 1 2
