10

2
a2ccb839-583f-46bd-a35f-72d241748a1a
be666cd1-be97-4e3d-a894-f1f405ac20be
1 2
1 2
2 1
2 1
1 2
2 1
1 2
1 2
2 1
1 2
1 2
1 2
1 2
1 2
1 2
1 2
2 1
1 2
1 2
2 1
2 1
2 1
1 2
1 2
2 1
1 2
2 1
2 1
2 1
2 1
1 2
1 2
2 1
1 2
2 1
1 2
2 1
1 2
2 1
2 1
1 2
1 2
1 2
1 2
2 1
2 1
1 2
2 1
1 2
1 2
2 1
1 2
2 1
2 1
2 1
2 1
2 1
1 2
1 2
2 1
1 2
1 2
2 1
2 1
2 1
1 2
1 2
1 2
1 2
1 2
1 2
1 2
2 1
1 2
1 2
2 1
2 1
1 2
1 2
1 2
1 2
2 1
1 2
1 2
2 1
2 1
1 2
2 1
2 1
1 2
1 2
2 1
2 1
1 2
2 1
2 1
1 2
1 2
2 1
1 2
1 2
1 2
1 2
1 2
1 2
1 2
1 2
1 2
2 1
2 1
1 2
1 2
1 2
2 1
2 1
2 1
2 1
1 2
1 2
1 2
2 1
2 1
1 2
2 1
2 1
2 1
1 2
2 1
2 1
2 1
2 1
1 2
1 2
1 2
2 1
2 1
1 2
1 2
2 1
1 2
2 1
1 2
2 1
1 2
2 1
2 1
1 2
2 1
2 1
1 2
2 1
1 2
2 1
1 2
2 1
1 2
1 2
2 1
2 1
1 2
2 1
2 1
1 2
2 1
2 1
2 1
1 2
2 1
1 2
2 1
1 2
2 1
2 1
2 1
1 2
2 1
1 2
1 2
2 1
1 2
1 2
1 2
2 1
1 2
2 1
2 1
1 2
1 2
1 2
1 2
2 1
2 1
2 1
1 2
2 1
2 1
1 2
2 1
1 2
1 2
1 2
1 2
1 2
2 1
1 2
1 2
2 1
1 2
2 1
1 2
1 2
1 2
2 1
1 2
1 2
2 1
2 1
2 1
2 1
2 1
2 1
2 1
1 2
1 2
1 2
1 2
2 1
2 1
2 1
1 2

15
9a932649-493d-4f06-ae4f-bd34524afb86
74c8ff56-dc91-4fbf-98ec-45de6c43af1c
fc1debeb-cfd7-4cf5-80e8-5288d74bc61f
b8ec760b-f30d-423f-9599-31f533920497
fe4a0559-47da-4cd5-a60c-2d5f3be45551
f67b3221-95b7-4940-a550-10e098fb1e6f
dc2ca069-5b81-43e8-91b7-43737fd4665a
662066f7-c647-4fb6-8429-fd3d22294524
0c52a119-9f17-446a-ac89-2a57093bb9a0
62fa2e97-63fe-40f0-b897-e19fb974665a
63f8d95f-9f75-4df9-a5cd-2ea25e9ed363
ed31d25a-8892-43a5-a9d7-ee97a16144ea
120f3e2f-71f0-4d99-adde-c51bf457220e
042d1c7a-aeac-4a32-a84a-798bccc0a4e2
40ee6dd8-ddda-4091-9337-c1c5a4a6761e
5 9 14 3 10 11 15 8 4 2 13 12 1 6 7
9 5 2 1 15 7 11 8 6 13 3 12 10 4 14
3 10 5 6 11 2 14 7 1 15 9 8 12 4 13
13 10 9 7 5 3 6 11 15 12 4 14 1 8 2
12 4 10 13 15 14 6 5 11 3 8 1 7 9 2
6 13 8 7 2 11 9 12 10 4 1 15 14 3 5
9 11 8 6 10 4 7 2 14 15 13 12 1 5 3
3 14 1 6 5 15 8 4 2 11 9 13 10 12 7
7 5 9 1 12 10 14 8 4 2 15 11 3 13 6
8 4 7 3 2 12 6 9 1 13 11 10 14 5 15
13 12 3 11 8 10 2 1 14 15 9 6 7 4 5
11 7 5 1 8 10 3 15 6 12 4 2 13 14 9
2 14 4 6 7 12 13 9 15 11 10 3 1 5 8
12 1 4 15 10 14 6 8 2 7 11 5 13 9 3
10 9 3 2 1 8 6 4 14 13 12 11 15 7 5
7 4 5 10 13 9 12 1 3 6 8 2 11 15 14
8 1 4 3 11 6 7 2 5 13 10 15 14 9 12
14 5 10 15 4 8 11 2 6 7 13 1 12 9 3
8 13 11 7 2 10 14 6 3 9 1 15 12 4 5
14 10 3 6 7 12 1 13 8 9 15 4 2 11 5
12 2 3 10 6 7 14 4 5 15 1 13 8 9 11
7 10 11 6 2 5 4 9 12 3 13 14 1 15 8
11 8 7 5 13 12 14 9 1 15 10 4 6 2 3
3 4 15 14 9 11 10 6 13 5 1 7 2 8 12
3 2 8 9 14 13 7 11 15 1 10 5 6 4 12
15 8 5 4 1 12 7 10 13 11 2 9 3 6 14
13 14 2 3 15 9 10 12 5 11 8 6 7 1 4
9 3 13 4 8 2 5 15 6 12 11 1 14 7 10
8 4 5 12 10 7 15 2 13 6 14 11 3 1 9
15 13 7 5 12 10 6 1 3 8 14 11 9 2 4
2 4 12 15 1 6 13 8 3 10 11 14 5 9 7
1 14 15 9 6 11 8 12 2 13 5 3 4 10 7
12 7 5 13 6 8 4 1 9 11 10 3 14 15 2
13 6 10 3 11 5 8 1 4 7 12 14 9 2 15
1 4 5 8 2 3 15 14 6 12 13 11 7 10 9
13 15 5 1 10 4 3 14 2 12 7 6 8 9 11
11 1 4 14 6 15 13 2 3 7 8 9 10 12 5
12 11 2 3 8 1 9 5 15 4 13 14 7 10 6
12 14 9 2 1 4 6 10 11 3 7 5 8 13 15
10 8 14 5 12 11 9 1 2 6 15 7 4 13 3
14 1 13 2 11 5 8 12 6 3 4 10 9 15 7
14 8 7 9 3 1 5 15 6 2 10 11 12 4 13
15 2 8 10 9 5 7 1 3 13 4 11 14 6 12
4 14 2 9 6 1 12 10 11 15 3 13 5 8 7
6 4 15 5 10 1 3 11 12 14 8 13 9 7 2
8 12 15 4 14 13 1 6 5 7 3 10 2 9 11
14 5 1 11 12 15 10 8 7 13 4 3 9 6 2
1 3 6 9 13 10 12 14 2 4 11 8 15 5 7
11 2 13 15 8 12 1 9 3 5 7 4 14 10 6
11 4 8 2 14 9 15 1 6 12 5 13 3 10 7
14 6 3 11 4 5 10 9 8 15 2 13 7 12 1
10 12 14 4 13 7 3 6 9 1 5 8 15 2 11
4 8 5 1 2 15 11 7 13 10 6 9 14 12 3
7 2 10 1 8 4 5 12 3 6 13 9 11 15 14
7 15 10 9 12 6 13 2 4 11 14 3 5 8 1
13 9 4 8 14 7 2 15 11 1 5 3 12 6 10
14 12 2 4 8 1 5 15 13 11 6 9 10 7 3
15 8 14 1 3 13 12 11 6 5 9 10 7 4 2
12 6 1 10 2 13 7 9 5 4 3 8 14 15 11
5 8 7 13 6 1 12 3 11 9 2 10 4 15 14
4 6 2 1 10 13 8 7 11 5 12 9 14 3 15
8 14 15 11 4 6 3 13 9 5 10 2 1 7 12
14 15 5 2 4 10 8 3 1 9 13 7 6 11 12
13 4 15 3 9 12 6 2 11 8 14 1 10 5 7
5 3 12 9 8 10 7 15 6 14 2 11 4 13 1
11 15 9 7 12 5 1 13 3 14 4 6 10 2 8
11 9 1 6 7 14 12 15 5 8 2 10 13 3 4
10 2 1 9 12 5 6 8 7 11 15 13 3 14 4
14 1 9 5 6 13 8 12 2 7 4 11 10 15 3
11 2 12 10 9 15 7 5 6 8 1 4 13 3 14
2 3 5 7 14 15 9 8 1 13 4 12 10 6 11
5 15 12 1 8 10 2 3 13 9 4 14 11 7 6
7 4 12 5 2 10 13 14 9 6 3 8 11 15 1
6 15 9 7 5 12 3 13 4 10 14 8 11 2 1
2 15 9 6 13 1 12 10 4 7 5 8 11 3 14
13 7 15 11 12 5 9 3 10 2 6 1 4 14 8
8 13 14 3 12 2 15 5 7 9 6 10 11 4 1
15 9 7 10 6 14 8 12 5 3 1 11 4 13 2
5 4 13 9 11 2 6 12 8 1 3 15 10 14 7
12 9 1 3 8 2 15 14 5 13 6 11 7 10 4
12 14 8 2 7 5 11 15 9 10 6 4 13 3 1
2 5 8 4 15 10 9 7 14 12 6 11 13 1 3
11 13 4 6 3 9 15 12 7 1 14 10 5 2 8
13 2 5 3 14 8 10 11 1 4 15 12 9 6 7
15 5 9 11 10 12 3 1 4 14 6 7 13 8 2
12 14 7 13 10 11 6 9 5 15 1 8 3 4 2
7 8 6 14 3 4 2 11 9 13 12 5 1 15 10
9 4 14 10 2 3 12 6 7 5 13 15 11 8 1
6 4 15 2 10 8 14 7 12 1 3 5 9 13 11
2 9 13 12 6 8 5 11 3 14 1 4 15 10 7
9 1 5 8 4 13 2 3 7 14 12 15 6 10 11
11 10 1 9 4 7 2 3 13 8 6 15 12 5 14
7 9 13 12 4 2 3 11 6 1 5 10 14 8 15
2 15 1 7 9 11 13 3 10 4 12 8 14 6 5
5 14 13 15 3 6 10 9 12 2 11 7 1 8 4
8 2 3 10 7 12 15 1 14 6 4 11 13 9 5
4 2 7 11 5 1 10 3 15 14 9 12 6 8 13
13 12 10 2 7 15 5 6 1 3 14 11 8 9 4
8 1 4 14 13 5 12 11 15 10 2 3 6 9 7
14 9 3 1 5 13 4 2 12 8 15 11 6 7 10
4 7 15 10 12 2 5 8 13 14 1 9 11 3 6
2 4 12 10 5 6 7 3 11 14 8 13 9 15 1
11 14 12 13 6 5 3 9 2 7 4 10 1 8 15
12 11 14 13 7 2 5 3 6 1 9 10 8 4 15
3 10 7 2 4 14 8 12 9 1 11 6 13 5 15
9 7 5 15 2 1 4 13 8 12 10 11 3 14 6
2 13 1 10 12 15 4 11 8 9 6 7 14 3 5
9 12 7 4 1 2 10 6 3 14 11 8 5 13 15
15 6 12 2 10 13 1 4 7 14 3 11 5 8 9
4 10 11 8 12 9 15 5 1 7 2 6 3 14 13
11 2 13 1 8 15 6 4 10 14 7 9 3 12 5
8 1 14 11 7 12 2 13 5 15 4 6 10 3 9
9 5 12 8 2 14 10 1 11 15 7 6 4 13 3
2 4 15 7 12 10 6 1 13 14 11 5 3 9 8
1 13 3 2 10 7 12 4 9 15 5 6 14 11 8
6 7 15 2 3 14 10 5 12 11 4 9 1 8 13
9 12 14 6 10 13 3 1 15 11 7 5 2 4 8
11 7 8 5 6 4 12 15 10 13 14 9 1 3 2
14 4 5 11 13 7 8 10 15 2 1 9 6 12 3
15 8 12 9 4 10 14 13 2 3 6 7 5 1 11
14 1 13 3 12 9 2 11 15 10 7 8 5 6 4
1 7 13 15 5 3 2 9 11 8 6 12 4 10 14
5 3 1 11 7 2 12 14 10 9 15 13 4 8 6
10 8 1 2 15 13 9 4 3 6 12 5 14 7 11
7 1 14 13 12 10 11 3 9 5 2 6 4 15 8
1 9 5 4 3 14 12 6 2 13 7 11 15 8 10
6 1 8 12 13 2 9 5 15 4 14 10 11 3 7
15 11 5 14 9 7 4 10 8 1 6 3 13 2 12
7 15 14 11 12 8 13 5 10 6 1 4 3 9 2
1 13 2 7 9 10 6 3 8 4 15 11 5 12 14
2 12 7 11 14 10 4 9 1 3 13 15 5 8 6
9 2 5 1 10 12 6 8 15 14 7 13 4 3 11
15 11 8 14 9 2 13 1 10 5 7 12 6 3 4
9 5 4 11 13 2 7 14 3 12 15 8 10 1 6
7 11 12 9 6 3 4 13 8 1 5 14 10 15 2
15 7 4 5 13 14 3 1 10 6 2 8 11 9 12
1 2 14 6 10 15 11 5 8 4 12 7 9 3 13
2 7 11 12 9 5 6 14 13 4 3 8 1 10 15
15 12 4 13 14 6 9 5 7 8 3 11 1 2 10
9 14 8 10 11 4 1 2 3 7 5 15 13 6 12
15 1 8 10 6 13 5 14 4 12 3 7 9 11 2
9 11 3 8 12 1 10 4 5 14 2 13 7 15 6
15 4 5 14 8 10 6 9 12 2 11 1 3 13 7
5 8 9 11 3 12 2 4 6 1 7 14 10 13 15
4 12 10 11 1 7 13 5 14 8 2 15 3 6 9
3 11 2 9 7 5 8 15 6 12 14 4 1 10 13
3 4 7 11 10 9 8 15 12 13 2 14 5 1 6
15 10 9 12 6 1 3 5 11 13 8 2 14 4 7
9 4 6 3 12 13 14 5 15 1 11 8 7 2 10
12 1 6 11 13 3 4 2 15 10 5 9 14 7 8
14 10 3 5 1 15 12 2 7 11 4 13 8 6 9
14 12 4 5 8 15 11 3 1 2 6 13 10 9 7
9 11 14 6 7 3 8 2 15 13 1 4 12 10 5
13 14 1 3 4 12 10 11 9 6 15 8 5 7 2
8 9 4 11 2 12 6 15 13 3 7 10 1 5 14
6 13 7 15 5 8 2 3 1 12 9 10 4 11 14
14 10 6 2 8 13 11 4 15 1 5 9 7 3 12
6 7 3 5 12 2 11 1 13 10 15 14 4 9 8
12 4 7 14 15 5 8 13 6 2 11 1 9 10 3
8 4 3 7 13 15 14 10 9 5 12 1 6 11 2
9 12 8 15 7 6 14 1 13 11 3 4 5 2 10
4 6 1 7 9 2 5 8 12 11 3 14 10 15 13
5 7 3 13 14 11 9 10 8 4 12 6 15 2 1
1 2 6 11 8 3 10 5 4 15 9 13 12 7 14
7 3 12 6 14 10 2 8 13 1 15 5 4 9 11
2 6 1 15 10 8 5 4 13 12 9 7 14 3 11
6 5 8 13 4 2 1 14 12 10 11 9 15 7 3
1 13 5 4 3 12 11 6 9 10 15 7 8 14 2
13 15 5 1 4 8 10 12 9 6 7 2 3 11 14
1 8 11 7 10 6 15 14 12 4 9 3 5 2 13
1 11 3 13 15 5 12 10 2 7 14 9 6 4 8
2 3 1 13 14 7 6 10 5 15 9 11 4 8 12
1 12 10 14 13 3 6 2 9 11 5 4 8 15 7
2 9 8 6 5 7 13 4 10 11 15 1 12 14 3
1 11 10 3 4 9 14 13 5 12 8 6 7 15 2
3 13 9 14 2 10 6 1 4 12 7 11 15 8 5
13 14 8 1 5 11 2 3 6 9 7 15 4 10 12
6 1 8 13 5 10 11 7 2 14 9 3 15 4 12
2 12 4 6 15 13 7 10 8 9 1 14 3 11 5
13 9 5 15 11 6 4 7 14 3 10 1 8 2 12
14 3 9 15 1 7 8 6 5 13 2 12 4 11 10
8 6 10 11 14 4 9 13 12 5 7 15 1 3 2
15 13 11 7 1 5 4 3 2 6 8 14 9 12 10
15 12 5 10 6 14 7 3 2 8 4 11 13 1 9
7 11 12 10 3 1 5 14 6 8 13 9 4 2 15
6 1 2 4 7 11 10 5 3 13 12 9 8 14 15
2 13 11 12 1 9 4 14 7 8 15 10 6 3 5
15 4 3 10 11 7 8 1 9 2 13 12 5 6 14
15 10 5 6 7 3 1 4 14 2 8 11 9 13 12
11 12 2 6 3 8 15 5 13 4 9 10 14 1 7
4 14 5 13 6 3 1 8 10 2 11 9 7 12 15
14 11 4 8 9 15 2 12 10 7 13 3 6 1 5
3 13 6 8 7 10 1 14 2 12 15 9 4 5 11
4 1 6 3 13 11 15 12 2 10 8 7 5 14 9
13 15 2 9 4 5 1 11 14 8 7 6 12 3 10
12 4 2 6 3 13 5 11 1 8 15 7 14 9 10
10 15 2 12 14 13 6 7 3 11 5 9 8 1 4
8 5 7 3 10 14 15 1 9 2 12 13 6 11 4
3 12 5 8 6 2 9 14 10 11 13 4 7 15 1
15 13 1 4 2 7 10 3 6 5 12 14 8 9 11
15 13 1 7 5 10 8 6 12 4 14 9 3 2 11
9 2 8 14 6 4 15 13 10 3 12 7 5 1 11
7 8 6 10 3 5 9 14 12 2 1 11 13 15 4
9 14 15 1 4 8 10 6 2 11 12 7 3 5 13
12 2 5 9 3 15 1 8 6 4 10 14 7 13 11
13 11 10 14 6 2 8 7 15 3 1 12 4 9 5
8 14 6 11 1 3 9 13 4 2 5 15 7 10 12
14 4 11 2 15 6 5 9 1 3 13 10 8 12 7
2 15 10 1 8 11 12 3 4 7 5 14 9 13 6
3 11 12 1 8 9 13 2 14 6 4 7 5 15 10
12 7 10 1 6 15 5 3 2 11 4 13 8 9 14
9 6 1 12 15 8 2 13 10 4 7 3 14 5 11
3 13 4 7 6 8 2 5 10 12 15 11 9 14 1
10 11 2 13 3 8 15 12 6 5 1 4 7 14 9
12 8 2 7 5 10 9 6 15 13 11 4 3 1 14
13 9 10 7 14 3 12 1 11 2 15 6 5 4 8
13 5 6 14 11 4 10 2 9 3 1 7 8 15 12
12 14 15 5 4 1 6 11 2 9 13 3 10 8 7
6 9 2 14 13 15 4 5 12 1 8 10 3 11 7
11 2 6 4 10 5 15 13 1 3 8 7 12 14 9
15 2 1 14 4 3 12 5 11 13 7 6 9 10 8
12 9 14 11 3 15 5 4 2 1 10 8 6 13 7
9 4 13 11 7 5 15 10 12 8 6 1 14 2 3
3 12 14 9 15 2 10 1 5 11 4 6 13 7 8
9 3 10 8 4 15 7 13 14 1 11 6 2 5 12
10 11 13 15 14 4 3 7 12 1 2 5 9 8 6
9 5 13 11 12 4 3 8 14 2 10 6 1 7 15
4 11 9 6 15 7 8 10 12 14 5 3 2 1 13
15 12 8 9 10 6 2 14 13 1 11 3 5 7 4
14 6 1 7 13 2 12 11 15 4 5 8 3 10 9
14 13 4 8 5 11 15 9 2 6 1 7 12 3 10
15 2 5 4 11 9 10 12 6 8 14 13 1 7 3
9 4 5 15 7 8 1 14 6 11 2 12 3 13 10
2 6 7 4 5 10 13 3 1 12 14 9 11 15 8
3 6 12 7 2 9 1 4 11 5 15 8 10 13 14
14 12 4 3 11 13 8 15 5 1 10 9 2 6 7
12 14 2 15 6 13 3 8 10 4 11 7 5 9 1
5 7 4 13 3 15 11 14 1 8 6 2 12 10 9
6 7 4 10 12 13 11 2 14 8 5 3 15 9 1
6 10 3 4 15 7 8 1 9 14 13 11 12 5 2
12 7 2 6 11 10 3 13 1 9 4 15 5 8 14
9 14 12 11 1 4 3 8 2 15 10 13 7 6 5
14 2 4 6 3 1 7 9 5 13 11 15 10 12 8
14 6 10 8 4 12 5 7 13 2 1 9 11 3 15
13 4 8 5 14 12 3 11 6 1 7 9 2 10 15
7 8 11 9 15 1 4 2 5 3 6 10 13 12 14
6 1 13 10 12 4 7 14 11 9 5 15 3 8 2
15 4 11 3 9 7 13 8 6 2 1 5 14 10 12
14 12 9 10 11 4 6 1 7 3 8 13 2 5 15
13 1 3 15 11 4 6 14 8 5 2 9 7 10 12
9 11 8 6 7 4 12 14 2 3 10 13 15 5 1
8 13 10 11 12 1 7 3 6 4 14 15 2 9 5
11 8 6 14 1 10 15 12 9 3 4 5 13 7 2
11 2 6 9 7 15 5 4 1 12 13 14 3 8 10
14 8 13 7 1 5 11 4 10 15 3 6 12 9 2
7 3 4 11 13 6 14 8 15 5 9 10 12 1 2
7 4 12 13 6 14 11 8 9 5 10 2 3 15 1
14 10 13 15 4 8 6 3 7 11 5 9 2 12 1
3 5 12 15 7 13 14 2 10 9 4 1 8 11 6
14 7 15 6 8 10 2 12 4 13 11 3 1 5 9
9 7 5 13 3 10 4 12 8 15 14 2 1 11 6
5 15 7 14 1 12 10 3 9 2 6 13 4 11 8
9 3 15 2 10 13 12 6 11 4 1 7 14 8 5
12 4 1 9 3 15 11 14 7 2 13 10 6 5 8
3 4 5 11 1 2 10 8 12 9 13 14 15 6 7
8 12 15 7 6 11 14 10 3 4 1 2 13 5 9
1 10 5 14 8 7 12 13 2 9 11 4 15 6 3
7 5 1 4 13 12 9 8 6 15 2 14 3 11 10
14 3 7 10 13 4 12 8 5 1 15 2 9 11 6
8 4 12 13 7 9 15 6 14 2 5 3 1 10 11
9 2 4 3 14 10 7 6 8 15 13 1 5 12 11
11 10 1 12 3 14 15 8 5 2 7 9 13 6 4
8 15 7 4 12 5 14 11 2 9 1 6 3 13 10
5 1 7 6 3 14 10 2 15 8 11 9 4 13 12
11 2 15 12 5 4 14 13 9 6 10 3 8 7 1
11 8 15 1 5 14 4 3 2 7 9 12 10 13 6
13 14 6 12 15 11 3 8 5 4 9 2 10 1 7

9
3718509a-6335-4b73-b3b5-9c5d611e1c2e
57d2e141-4181-4656-ba2a-18f6f9a08d6f
a199cd70-2d19-481f-9ae6-c22bc8e3e819
40de4e29-1961-466b-b7e2-5d86c4f229da
e4252a9b-9010-4e7f-8b04-0e0f6e71b6c7
bb133820-5d6e-4c5b-af44-6f34e39b8c3c
520dd907-b886-4d8b-84ce-a3868484daf9
64abcdf1-c9dd-4e4b-8a19-5bfce8f8c283
57921cc1-2653-4be6-b29e-a29effcb1cd1
6 3 8 7 5 4 2 9 1
4 7 1 9 8 3 6 5 2
5 1 9 7 6 8 2 3 4
3 8 4 2 7 6 5 9 1
6 3 8 7 2 4 5 9 1
5 4 8 6 3 2 1 7 9
7 5 4 6 8 9 1 2 3
6 8 1 7 5 2 9 4 3
8 7 1 6 3 4 2 5 9
9 6 4 3 1 2 5 8 7
7 5 3 9 1 6 4 8 2
1 3 7 8 6 5 4 9 2
7 5 9 1 6 8 4 2 3
2 4 1 5 3 7 9 6 8
3 6 9 5 2 7 4 8 1
1 5 7 4 6 3 8 2 9
7 6 9 8 4 1 3 5 2
1 9 5 6 8 2 3 7 4
6 5 2 8 1 3 9 7 4
8 6 9 5 2 3 7 4 1
2 8 7 3 5 9 6 4 1
6 8 4 5 7 2 1 9 3
9 7 2 5 4 1 3 6 8
7 8 4 2 1 5 9 6 3
9 6 7 4 8 1 2 5 3
5 6 9 4 7 2 8 3 1
7 4 9 1 6 3 5 8 2
1 9 2 7 3 6 4 8 5
5 8 4 1 7 6 2 9 3
7 5 1 4 6 3 9 8 2
4 3 1 8 5 7 6 2 9
8 5 7 6 3 4 1 2 9
1 5 7 2 8 6 4 9 3
3 9 1 7 2 5 8 4 6
7 6 8 3 4 5 2 9 1
1 8 6 4 3 5 9 7 2
7 5 8 3 1 4 6 9 2
6 7 5 1 8 4 9 3 2
5 7 6 2 3 8 4 9 1
5 3 9 2 7 8 6 4 1
3 5 8 2 7 6 4 1 9
5 6 7 3 9 2 8 4 1
1 9 2 7 3 8 6 5 4
6 3 7 2 5 8 4 1 9
5 1 6 7 9 2 8 3 4
1 5 4 8 7 2 3 9 6
9 6 7 1 4 8 3 2 5
2 4 9 8 7 1 5 6 3
7 1 8 6 2 4 9 3 5
7 8 4 5 6 2 3 1 9
8 2 9 5 3 7 1 4 6
3 2 1 7 4 6 9 5 8
6 5 9 7 8 1 3 4 2
8 3 4 5 9 2 1 7 6
4 7 9 3 1 5 2 8 6
1 8 4 7 2 3 9 6 5
1 2 7 3 4 9 6 8 5
9 3 7 2 6 8 4 5 1
5 3 4 9 8 2 1 7 6
8 7 2 3 9 1 5 6 4
1 6 9 7 4 3 5 8 2
7 8 2 5 3 4 6 9 1
8 6 1 2 7 3 4 9 5
4 9 8 2 6 1 7 5 3
9 6 2 4 7 1 5 3 8
8 4 7 1 3 5 6 2 9
2 1 8 6 3 5 9 7 4
3 2 8 7 4 1 6 5 9
1 4 3 7 2 8 6 9 5

12
409205b4-152a-4004-b3e4-95fb7d046c56
b173fb5d-6356-4468-9bd2-12475806ce8f
8a7131c3-83fe-4048-bcb5-2551496c3cc1
7cdca851-f115-4f83-a508-4c9448cf61d0
6ec28e1d-5f2b-4993-8c35-0c60d961adfc
dc90f8f8-b670-48a5-9d61-8250b606aad8
02d0172b-139e-437c-9ba5-3ffde2465099
365e75ee-c5db-4f71-909f-e09f9adedf48
462d34ef-2736-4e77-94ee-4bf08fc30450
b4703eb7-f8e4-4215-870f-720bfbf07609
95897e5b-b3f4-4f6c-b71d-99ea1cd44768
81811d29-c18c-4855-8c3b-19d0d57b810a
2 12 5 1 9 3 11 7 6 4 10 8
2 1 4 5 3 9 12 10 7 6 11 8
11 8 7 5 10 3 12 1 2 6 4 9
4 1 12 9 11 8 6 10 2 5 3 7
9 2 12 3 5 8 1 11 4 6 7 10
1 6 7 5 8 3 10 12 2 4 11 9
5 6 1 3 8 2 7 4 9 12 11 10
9 2 12 1 4 7 11 10 5 6 8 3
11 8 10 2 1 5 3 4 12 6 9 7
12 9 6 3 11 5 1 10 2 7 4 8
10 4 2 5 11 7 1 3 12 9 8 6
1 2 6 8 11 9 3 10 4 5 7 12
2 4 6 8 10 1 3 7 11 12 9 5
7 3 11 9 2 6 12 8 5 10 1 4
3 1 8 5 2 6 9 4 10 11 12 7
4 6 3 11 12 9 8 7 10 1 2 5
10 3 9 5 7 2 4 1 6 8 12 11

3
df52fde2-1754-456e-ad9d-01854f7474bd
9ebcf1c6-ad18-4c56-8704-a88c68cf3001
9ba04046-cd4d-45b0-9f81-2346ce90bd25
1 3 2
3 1 2
3 1 2
2 1 3
1 2 3
1 2 3
2 1 3
2 1 3
3 1 2
2 3 1
2 3 1
2 1 3
2 3 1
1 3 2
1 3 2
1 3 2
3 1 2
1 3 2
2 3 1
1 3 2
1 2 3
3 1 2
3 1 2
3 2 1
3 2 1
2 3 1
2 1 3
2 1 3
1 3 2
2 1 3
3 1 2
1 2 3
1 2 3
2 1 3
2 3 1
2 3 1
3 2 1
3 1 2
1 2 3
3 1 2
3 1 2
3 1 2
1 3 2
1 2 3
3 2 1
2 1 3
2 1 3

18
520e1367-c855-4d20-8ed3-4ecc670a9202
153134a9-f370-4470-844f-e5a714c7fe4c
c8e19a06-e74a-46d4-87ba-dcb93c5dbb1f
fd465199-20f1-4288-8bdc-b6d5ab9d1591
256d16c7-6393-42fb-8a2c-b15a17b51f9b
ef55b934-a467-48df-b638-716d008007ba
e0f2644b-0c3c-476b-8bee-9b676f3243f6
51010ccd-8491-4ff2-9d8e-ec9052d581b8
9ddd025c-d385-4167-b979-3238942d3795
351dc00f-351b-4a0e-ad2d-2755fd8175fe
67467e49-e22e-4c79-8190-11f8c334dcf5
bd1d80fd-f1e0-49d0-9266-6170ee57e674
1f524674-3880-45df-9f6f-70e4a2fcceff
e67ee3b5-b32c-494e-aa58-3dbd48115486
1be77733-9e04-42ee-a104-03a18924bd2d
9df8628c-c3ef-47ad-9665-8f56075ae056
2664dee8-17a0-4aca-90ba-ec0d92b35005
a1de8bde-4526-4139-bd20-e3faa3cc0aac
12 2 3 10 15 8 1 7 11 17 9 13 4 5 14 18 6 16
11 12 9 3 6 4 7 5 14 15 16 10 13 8 2 1 17 18
13 4 15 11 5 12 1 17 14 16 9 7 8 18 10 3 2 6
18 13 11 5 17 15 2 16 6 12 7 4 9 8 10 3 1 14
10 15 1 3 13 17 8 11 4 7 6 14 18 9 5 12 16 2

11
587ec6ef-5e19-4ca8-9c20-e44ec16f4984
b5e99909-9a44-4dfa-9e44-be590c507bc6
22d5a3bf-a1e5-4ae6-b599-ba10d45f488c
2066868f-76c7-4f40-90d6-52f367cfcd96
bc27c61d-4a10-41e0-9fc8-d7dc3e542af3
2f4086af-77e1-4e9c-9b53-3f92f6687fe4
1cc96dab-da43-4cb3-a9f3-7110f4238fa8
f2988ba2-1b8f-4cec-a31d-8757e2722230
221b672a-d8ca-42d6-8509-c6d5dfe72ca2
458e9012-832c-4d67-8d9c-084e86092c7a
b55b9fdc-aa5f-45db-a94e-e36520db7b22
9 10 2 5 3 11 7 6 1 8 4
7 5 4 8 1 3 6 11 9 10 2
9 8 6 1 10 3 7 5 2 4 11
10 4 7 2 8 1 11 5 6 3 9
7 9 3 11 1 8 5 10 6 4 2
10 7 4 2 9 5 11 1 8 3 6
1 9 8 6 11 2 4 7 10 3 5
11 7 4 6 1 9 10 8 3 5 2
10 1 3 11 2 6 7 9 8 5 4
11 6 7 5 3 8 9 1 2 10 4
2 8 5 6 10 7 3 9 11 1 4
7 1 5 8 2 9 4 11 6 3 10
3 2 9 11 4 5 1 6 10 7 8
6 8 7 3 5 10 1 4 9 11 2
4 10 5 1 3 7 9 8 2 11 6
10 6 11 5 1 4 7 9 8 2 3
8 6 1 9 11 5 2 10 4 3 7
3 7 8 4 5 2 1 6 9 11 10
4 11 10 7 8 6 9 1 2 3 5
6 10 3 11 8 1 9 2 5 7 4
7 1 3 8 10 5 9 11 4 2 6
8 6 7 2 1 5 3 11 9 10 4
10 9 4 6 7 5 8 1 11 2 3
8 10 7 5 9 2 4 6 1 11 3
9 8 3 2 6 4 5 11 10 7 1
9 4 8 7 2 10 11 5 6 3 1
4 3 7 8 11 2 9 1 10 5 6
1 2 7 10 11 9 5 8 3 6 4
5 11 3 4 6 7 10 2 1 9 8
5 1 7 2 4 10 11 9 3 6 8
2 9 5 11 6 4 3 8 1 7 10
10 3 9 2 8 7 11 1 4 5 6
1 5 7 9 4 3 8 6 10 2 11
7 8 3 9 1 2 11 6 10 4 5
3 10 2 8 1 5 7 4 11 6 9
7 10 8 1 5 4 2 6 11 9 3
6 5 8 10 1 4 3 7 11 2 9
11 2 5 3 7 1 10 6 9 4 8
5 3 6 1 9 10 2 4 8 11 7
4 3 7 2 5 1 10 6 9 11 8
2 6 8 11 7 10 3 5 1 9 4
11 2 8 10 4 5 7 3 1 6 9
11 8 2 5 6 1 3 9 4 10 7
1 9 7 10 2 3 5 8 11 6 4
2 7 11 10 4 3 6 9 8 5 1
6 2 8 11 4 3 10 5 7 9 1
11 7 9 3 1 5 10 2 4 8 6
4 3 10 2 5 6 1 9 11 8 7
10 3 8 9 7 5 4 11 6 2 1
6 11 10 8 4 9 7 2 3 5 1
10 3 4 8 1 6 2 7 5 9 11
4 2 1 7 8 6 5 10 3 11 9
10 3 4 9 1 2 5 7 11 8 6
8 7 4 11 1 6 5 3 10 2 9
7 10 8 2 4 3 9 5 6 1 11
3 4 7 9 5 10 2 11 6 8 1
4 5 8 7 1 9 10 3 11 2 6
7 4 8 11 2 1 10 6 5 3 9
10 3 9 11 2 8 7 1 6 5 4
3 9 4 7 10 1 11 5 6 2 8
4 1 8 6 11 9 10 5 3 7 2
4 10 8 2 7 5 11 9 6 3 1
10 3 7 2 8 1 6 9 11 5 4
5 1 11 9 7 8 2 3 10 4 6
8 6 9 5 3 11 1 10 2 4 7
8 6 4 10 9 7 5 1 3 11 2
1 2 5 4 9 11 8 6 7 3 10
9 1 4 6 3 11 8 5 2 7 10
2 6 3 8 5 10 1 11 7 4 9
2 4 1 5 10 11 9 6 7 3 8
7 9 6 5 10 2 3 11 1 4 8
2 3 1 4 6 9 7 11 5 8 10
2 7 6 10 5 3 11 1 4 9 8
6 11 8 3 7 1 9 5 10 2 4
9 5 6 7 2 8 1 10 4 3 11
5 11 3 7 2 8 4 10 6 1 9
5 8 9 6 3 7 10 11 1 4 2
1 9 2 5 11 7 10 6 8 4 3
6 8 7 11 10 2 5 3 1 4 9
2 7 10 4 5 1 11 6 3 9 8
7 2 6 11 3 9 10 4 5 1 8
1 9 2 8 6 5 4 7 10 3 11
1 7 3 6 8 4 5 11 9 10 2
3 8 10 1 5 4 2 6 9 7 11
9 7 1 8 5 4 2 11 10 6 3
10 9 5 8 1 7 3 2 4 6 11
10 4 11 6 2 7 5 9 1 3 8
6 5 4 9 3 1 11 2 7 8 10
10 11 5 9 7 8 4 2 3 1 6
3 1 6 8 10 9 2 11 4 5 7
9 1 7 8 3 6 10 11 5 4 2
3 10 8 11 4 6 9 2 5 1 7
9 1 10 4 8 6 2 3 11 5 7
7 11 8 4 10 9 5 1 2 3 6
6 7 10 4 3 11 5 8 2 1 9
5 3 2 6 4 10 1 8 7 9 11
8 11 6 7 1 2 10 5 4 9 3
8 11 4 3 7 2 1 10 5 6 9
5 2 11 10 6 8 9 3 7 1 4
9 11 10 2 6 8 3 7 1 5 4
9 5 8 6 4 11 10 2 3 7 1
10 9 6 5 1 11 3 7 4 8 2
6 1 11 5 4 3 2 7 9 8 10
7 10 8 11 6 9 5 1 4 2 3
6 11 10 3 5 7 9 8 4 1 2
2 4 6 7 3 8 5 10 1 9 11
2 4 9 10 5 6 3 7 1 8 11
9 11 3 7 10 5 8 1 4 6 2
4 11 1 7 2 8 5 9 6 3 10
3 4 9 5 11 10 1 6 8 2 7
7 1 9 6 2 11 8 4 10 3 5
11 6 3 7 8 2 5 10 9 4 1
2 7 5 11 8 1 4 10 6 3 9
3 1 7 4 11 6 2 10 8 9 5
4 7 9 11 2 8 6 3 5 10 1
8 9 3 2 4 1 11 10 5 7 6
10 6 2 8 7 9 5 11 3 1 4
11 5 1 10 2 3 6 8 7 4 9
1 8 7 5 3 4 2 6 9 11 10
3 11 2 10 7 8 9 1 4 5 6
1 8 6 7 4 11 3 10 5 9 2
1 8 9 7 6 3 2 5 10 4 11
11 5 4 9 1 10 8 7 6 2 3
3 6 8 10 2 11 7 4 1 9 5
10 2 8 11 1 4 9 3 7 5 6
2 10 11 1 5 3 6 8 4 7 9
11 9 4 3 1 6 10 7 5 2 8
1 4 5 6 11 9 7 2 8 10 3
9 1 6 11 10 8 7 5 2 3 4
3 4 6 1 11 2 8 9 5 10 7
2 8 11 9 5 1 6 10 4 7 3
1 10 11 3 9 7 4 6 5 8 2
2 9 11 4 5 7 8 10 3 1 6
11 1 7 8 3 9 6 5 4 2 10
9 1 6 4 2 3 8 10 11 7 5
5 8 6 2 7 9 1 11 10 4 3
2 11 9 5 1 3 6 10 4 7 8
11 1 10 6 3 8 7 5 2 4 9
11 2 7 5 10 9 3 6 4 1 8
2 1 4 3 7 9 6 11 5 8 10
1 5 10 7 6 4 11 2 8 9 3
1 7 8 2 5 9 3 11 10 6 4
7 3 2 5 10 9 8 1 6 4 11
6 11 2 3 7 5 9 10 8 4 1
9 2 3 8 10 6 4 7 11 5 1
1 6 8 5 7 11 3 4 10 9 2
5 2 8 4 7 10 1 9 3 11 6
6 4 7 8 1 2 10 11 5 3 9
4 3 6 1 11 9 7 5 2 8 10
6 11 7 10 1 5 8 3 4 2 9
2 9 10 6 1 8 5 7 4 3 11
11 4 8 1 10 7 9 2 6 3 5
4 10 5 7 6 8 11 1 2 9 3
5 1 3 8 7 4 6 9 10 11 2
8 9 1 10 11 5 6 3 7 4 2
2 3 11 5 7 9 6 4 8 1 10
4 9 8 2 3 6 1 7 11 5 10
4 1 9 3 7 11 2 10 5 6 8
9 4 6 8 7 2 3 10 1 11 5
7 9 5 8 10 6 4 11 1 3 2
3 2 1 7 4 10 6 11 8 9 5
6 2 8 4 3 11 9 5 1 7 10
4 2 1 10 3 6 9 11 5 8 7
11 4 10 9 8 5 7 3 2 6 1
1 4 5 7 2 9 6 10 11 3 8
10 8 3 2 5 9 7 1 11 4 6
9 6 4 2 8 11 1 5 10 3 7
8 4 7 11 6 9 10 2 5 3 1
11 5 7 3 9 6 4 8 10 2 1
7 1 3 11 9 4 6 2 5 10 8
11 5 4 3 7 1 9 2 6 8 10
7 3 10 4 1 5 9 2 8 6 11
5 10 1 7 3 9 2 4 11 8 6
7 1 2 5 6 8 3 11 4 9 10
4 11 6 1 8 9 5 3 7 2 10
11 1 7 5 9 2 3 10 8 4 6
5 11 8 7 3 10 9 2 6 4 1
1 10 7 4 11 3 9 6 2 8 5
2 9 1 5 4 7 10 11 8 6 3
8 6 2 7 3 10 5 1 9 11 4
11 3 7 10 6 9 5 1 4 8 2
8 3 2 9 11 10 1 6 7 4 5
6 2 1 9 4 10 5 7 8 3 11
10 1 9 8 7 5 4 6 2 11 3
6 10 4 11 9 2 1 7 3 8 5
6 1 9 2 3 4 11 10 5 7 8
10 2 7 8 5 4 9 1 3 11 6
9 11 5 10 3 4 2 8 6 1 7
9 1 3 8 7 4 11 6 2 5 10
11 9 1 5 6 7 4 2 3 10 8
11 7 4 6 3 9 5 1 8 10 2
9 7 4 6 10 11 1 2 5 3 8
1 7 8 9 3 2 10 6 4 11 5
10 1 3 6 9 5 7 4 8 2 11
10 6 1 5 2 3 11 8 9 4 7
4 5 8 2 6 10 1 9 3 11 7
11 4 6 3 2 7 9 1 5 8 10
7 10 9 1 3 6 4 5 2 11 8
6 2 8 5 7 11 9 1 4 3 10
8 11 1 7 6 5 4 3 10 9 2
4 2 3 7 6 10 5 8 1 11 9
3 2 4 10 1 6 5 7 11 8 9
2 4 6 10 3 8 5 9 7 1 11
6 1 9 5 10 7 3 4 8 11 2
1 11 5 10 4 6 7 9 3 2 8
3 7 1 10 9 5 11 2 8 6 4
5 11 2 6 10 3 8 4 1 9 7
7 5 2 3 9 10 8 1 11 4 6
8 11 4 2 10 3 5 1 9 6 7
3 10 9 1 4 2 8 11 5 6 7
1 6 7 3 10 11 9 4 2 5 8
9 4 8 2 10 1 11 6 7 5 3
2 6 3 4 1 11 8 10 9 7 5
8 9 3 7 1 4 11 6 10 2 5
2 10 8 9 11 1 3 5 6 7 4
1 8 3 11 5 9 10 6 7 4 2
6 8 3 4 11 7 2 1 5 10 9
10 2 5 7 11 9 6 4 1 3 8
7 8 5 4 10 1 3 11 6 9 2
3 10 11 1 5 8 2 9 4 6 7
2 5 11 6 1 9 3 7 4 8 10
3 5 7 4 6 2 10 1 8 11 9
3 6 9 11 1 10 2 5 8 4 7
6 4 8 11 1 10 9 5 7 3 2
6 1 4 3 7 5 10 11 2 8 9
2 10 5 8 9 11 3 1 6 7 4
1 8 11 9 7 2 10 5 6 4 3
7 1 3 2 11 10 9 5 8 4 6
3 5 10 6 2 9 1 11 4 8 7
6 1 4 8 3 5 11 2 7 9 10
10 8 2 1 9 11 6 3 5 4 7
1 3 10 5 4 6 7 2 9 8 11
6 3 8 1 9 2 7 10 11 5 4
1 10 4 5 11 9 2 7 6 8 3
9 4 6 11 2 5 3 1 8 10 7
6 1 10 4 9 8 11 3 5 2 7
11 4 2 6 5 10 7 8 3 1 9
3 4 11 10 1 2 6 9 8 7 5
4 1 8 11 9 2 10 3 6 7 5
3 1 7 6 2 8 11 5 9 10 4
8 3 1 7 10 5 2 9 11 6 4
10 6 1 8 11 9 7 3 5 4 2
10 8 5 9 6 3 4 2 1 7 11
2 11 5 6 7 4 10 1 8 3 9
2 1 5 8 11 6 3 10 9 7 4
9 11 2 10 6 3 8 4 7 1 5
5 1 10 7 4 3 9 8 6 2 11
9 6 1 7 4 2 3 10 8 11 5
2 3 6 8 5 11 4 1 10 9 7
3 8 9 6 5 1 2 4 10 11 7
2 3 4 7 1 10 8 9 6 11 5
2 3 4 8 9 5 6 1 10 11 7
9 6 3 11 1 8 4 10 7 5 2
10 11 6 4 2 5 3 9 8 7 1
9 8 11 1 6 3 5 4 7 10 2
10 5 9 4 3 11 7 2 8 6 1
11 8 6 7 4 3 9 10 2 5 1
8 11 10 1 2 3 5 6 4 9 7
8 3 4 11 10 6 2 9 7 5 1
9 11 2 6 4 8 3 1 5 10 7
10 1 7 9 3 6 2 8 11 5 4
3 11 10 2 4 1 7 8 9 5 6
5 3 10 2 7 6 8 9 11 1 4
4 3 9 8 10 2 11 6 7 5 1
3 6 8 2 10 9 7 4 1 11 5
5 11 7 6 10 4 3 1 8 9 2
6 9 1 3 10 5 2 8 11 7 4
6 2 1 11 10 8 7 9 4 3 5
5 11 1 9 4 3 8 2 7 6 10
9 4 5 11 7 2 3 10 8 6 1
10 5 2 6 9 7 1 4 8 11 3
10 5 8 6 4 9 11 1 3 2 7
9 2 10 11 4 1 8 3 7 6 5
2 6 11 10 4 9 5 7 1 8 3
1 9 4 6 2 8 7 10 5 11 3
8 3 9 1 10 7 11 2 5 6 4
11 8 5 10 9 7 4 6 1 3 2
11 5 2 8 7 4 3 9 10 6 1
8 1 10 9 11 4 7 6 5 2 3
9 7 10 5 6 8 3 2 1 4 11
6 8 1 7 11 4 10 2 5 3 9
6 5 2 10 11 8 9 4 1 3 7
5 11 8 1 3 6 7 9 4 10 2
8 10 1 7 3 4 2 5 9 6 11
4 6 1 10 9 3 11 7 8 5 2
7 4 9 6 10 8 11 5 1 2 3
2 1 6 3 10 4 11 5 9 7 8
6 8 4 7 1 11 10 2 9 5 3
2 8 6 4 3 9 5 11 10 1 7
11 5 4 2 3 6 8 1 7 10 9
2 10 5 6 11 7 4 8 1 3 9
11 2 7 9 3 8 1 4 5 6 10

16
ad880cab-7d28-4513-abbd-92f23e9d6ad7
9d057973-1e16-4b74-864d-bef4c066a4c9
473d87f2-3725-4332-8e3c-ccc23f276d56
0d1f4bd6-7d76-4945-83b8-abb59306fbd5
6d683d54-dd31-4a99-a0fa-e72f19f15d5c
bcc2f11d-0ffb-4e84-8ba9-d05614659197
c10f8618-443d-4e41-a8da-47c740a671e7
133310d1-b2ce-481a-a1fa-b5fd8434b36a
5ac12c9f-ec21-461e-8887-98a47e155a93
d78433ef-612e-4711-bded-7ccd121d675f
333b7ea1-8d77-4864-b244-ef6edb2e2457
62670234-5b9e-4a61-b9c4-9d8b8a3c178a
903c461f-7759-4ca1-b17c-8de3a9f0b687
d0fc3d18-85b2-4ed9-9320-82137967c5e9
5c49f4a1-36c4-4504-a6f6-140052927fc5
1fdda86d-855f-47f0-9a32-a85630f61b04
12 6 5 11 16 1 3 7 9 13 14 15 10 8 4 2
12 7 2 5 16 3 15 14 10 6 8 4 1 13 11 9
10 9 5 12 3 4 8 16 13 15 2 11 14 1 6 7
9 3 4 6 13 14 5 11 10 15 7 1 2 16 12 8
2 9 6 5 12 1 14 3 7 10 16 15 13 4 8 11
10 9 1 3 8 14 12 2 6 13 4 15 7 16 11 5
9 11 16 7 14 5 6 1 8 3 10 4 12 2 15 13
13 4 8 3 5 15 14 9 12 16 7 1 10 2 11 6
16 1 11 5 12 15 7 10 14 9 13 2 3 8 4 6
16 4 3 8 9 6 2 1 7 15 11 10 5 12 14 13
5 11 1 10 3 4 9 7 13 14 12 15 2 6 16 8
6 16 7 10 12 2 3 1 9 11 4 13 8 5 15 14
14 3 8 12 7 5 16 13 10 9 4 11 2 1 15 6
2 11 10 8 14 12 9 4 7 1 15 3 6 5 16 13
6 16 8 3 10 11 15 12 4 7 1 9 14 5 13 2
15 12 1 7 14 5 11 9 3 2 8 16 6 4 10 13
5 14 12 11 6 10 9 4 3 7 16 13 2 8 15 1
7 5 1 3 14 13 15 4 16 6 9 10 12 2 8 11
1 3 7 12 8 11 10 14 6 13 4 9 16 15 2 5
5 14 4 2 7 16 6 10 3 1 15 9 11 12 13 8
15 12 1 3 6 7 2 14 11 5 9 13 10 8 4 16
12 1 2 11 6 8 10 16 14 13 3 7 15 4 9 5
10 1 11 8 2 5 9 12 7 6 3 4 13 15 14 16
12 10 13 9 5 7 6 3 4 14 11 1 15 2 16 8
13 11 9 10 15 8 16 5 2 7 6 12 3 14 1 4
7 6 1 2 3 5 8 9 14 12 11 15 16 4 13 10
7 6 4 10 15 11 1 12 3 14 2 9 8 16 5 13
7 16 2 3 8 9 5 15 12 10 14 6 1 11 4 13
11 16 12 1 3 8 6 2 14 15 7 4 9 13 10 5
1 6 14 7 12 8 10 3 16 11 15 5 2 9 13 4
9 4 5 12 16 14 8 6 7 10 2 11 15 3 1 13
10 12 13 1 4 3 7 5 9 14 16 11 8 2 15 6
13 4 9 8 6 10 7 5 1 12 14 11 15 2 16 3
14 13 12 1 7 15 6 5 2 8 3 9 16 11 4 10
7 12 14 16 13 15 8 11 6 10 1 5 4 2 3 9
13 10 12 14 2 5 3 8 7 15 6 1 11 16 9 4
9 5 14 12 10 3 6 4 7 13 2 16 1 8 15 11
14 10 7 6 3 1 11 5 4 9 2 15 13 12 8 16
3 8 6 11 16 1 9 10 2 12 13 5 14 4 15 7
6 11 8 15 13 16 9 1 7 2 5 12 3 4 10 14
3 4 14 5 13 8 9 16 11 2 15 6 7 1 12 10
6 5 15 12 7 3 14 11 9 13 4 2 1 8 10 16
14 8 2 11 4 3 13 15 6 1 12 10 9 7 16 5
11 9 15 14 1 3 8 2 6 13 16 10 12 7 4 5
15 14 3 12 16 5 13 1 10 2 11 8 6 9 7 4
12 2 14 13 3 4 8 11 16 9 7 10 6 5 1 15
8 13 3 9 4 7 12 1 15 5 10 14 11 2 6 16
2 6 7 11 5 10 9 12 8 14 16 15 13 3 4 1
15 1 16 2 10 8 4 9 3 5 11 6 14 12 7 13
10 2 14 1 16 7 4 15 9 11 8 3 13 12 6 5
12 5 3 6 14 11 13 8 9 4 10 16 15 2 7 1
14 9 1 12 16 11 4 5 6 10 2 13 3 7 8 15
14 6 7 16 13 8 15 11 9 3 1 5 12 10 2 4
7 3 11 15 8 6 2 4 13 16 12 9 1 10 14 5
10 16 13 6 9 2 11 1 12 5 3 4 14 15 8 7
8 2 16 5 6 4 7 13 1 14 12 10 15 11 3 9
8 10 2 9 11 12 15 14 3 5 16 6 7 4 13 1
4 14 16 11 9 1 13 7 2 5 15 10 8 6 3 12
5 11 15 1 12 9 4 7 10 6 16 3 14 2 13 8
9 10 1 12 6 7 4 15 5 14 8 13 3 2 11 16
4 8 1 3 16 15 9 11 6 14 13 12 2 10 7 5
9 10 1 3 13 14 6 4 2 7 15 11 8 16 12 5
15 11 16 8 3 7 13 5 1 9 4 10 12 2 14 6
4 5 12 16 6 2 13 14 9 10 11 15 8 1 7 3
15 9 12 5 16 2 6 10 11 3 4 14 8 7 1 13
16 9 6 15 14 5 4 11 1 3 10 2 7 8 12 13
1 13 4 6 8 2 12 9 7 15 16 11 10 14 3 5
5 3 8 10 7 16 1 2 9 13 12 6 15 11 4 14
11 6 1 14 8 12 10 9 2 4 5 15 3 16 7 13
3 8 4 13 9 11 1 7 14 6 2 12 15 5 10 16
2 15 14 10 16 7 3 1 4 5 6 11 12 13 9 8
16 15 4 6 5 9 11 3 14 13 10 12 1 7 8 2
8 1 10 16 3 11 6 9 15 12 14 7 5 13 4 2
3 8 15 5 13 7 11 14 10 1 16 9 6 4 2 12
3 5 15 14 1 12 8 11 10 9 13 16 7 6 2 4
5 13 14 2 12 7 3 15 11 10 9 16 4 8 1 6
6 7 13 2 16 8 5 15 14 9 3 11 4 1 12 10
8 2 3 9 7 13 6 14 4 12 5 1 15 10 11 16
4 1 9 7 5 12 13 3 14 2 15 6 16 11 8 10
14 15 3 11 12 1 9 7 8 2 16 13 4 5 6 10
3 8 9 16 13 11 1 6 4 2 15 14 5 10 12 7
14 1 5 10 7 3 2 6 12 16 15 11 9 13 8 4
8 13 6 2 4 9 11 12 15 7 3 16 14 5 10 1
12 16 5 2 10 1 13 6 3 11 14 8 9 4 7 15
12 9 15 11 10 7 1 6 2 4 16 3 5 13 14 8
1 14 5 4 16 12 10 2 3 6 7 13 15 11 9 8
15 13 7 8 5 4 2 12 1 9 16 6 11 10 3 14
5 6 9 3 12 14 15 8 16 10 13 11 1 4 2 7
4 9 16 8 6 5 14 10 11 7 3 2 13 15 12 1
15 5 2 13 1 10 6 4 11 7 14 16 3 8 9 12
15 3 5 4 6 12 10 13 9 14 7 8 1 11 2 16
15 13 14 12 2 6 8 3 4 1 10 11 7 9 16 5
3 8 15 5 2 11 9 10 4 7 14 6 12 16 1 13
2 12 10 5 3 14 7 16 9 8 11 13 6 1 4 15
10 7 3 16 5 4 15 11 12 1 6 2 8 9 14 13
11 14 16 5 9 2 12 13 15 3 6 7 1 4 8 10
7 6 10 2 5 12 4 11 9 8 13 3 16 14 15 1
2 15 9 6 13 4 7 5 12 8 3 11 1 14 10 16
5 9 15 6 13 14 3 10 11 1 2 4 7 16 12 8
14 3 5 13 11 7 8 12 6 4 9 2 1 15 16 10
11 6 12 13 14 3 9 2 5 4 8 1 16 7 15 10

4
b9fb4d51-ab2b-4fdb-87c2-5948e71cf382
61511fa6-a1a6-45c3-afa2-848341cf5eb6
112d75a8-b917-4b4d-9064-5a8fe429c4c4
300f7047-28e7-44cd-a1b6-8720677b2c68
1 3 4 2
3 1 4 2
1 4 2 3
2 4 3 1
1 4 3 2
4 3 2 1
4 1 2 3
1 3 4 2
2 3 4 1
1 2 3 4
4 1 2 3
3 1 2 4
4 3 1 2
3 2 1 4
2 1 4 3
2 4 1 3
4 2 1 3
3 1 2 4
2 3 4 1
4 1 3 2
4 1 3 2
2 3 4 1
1 4 2 3
4 2 3 1
3 1 4 2
4 1 2 3
2 4 3 1
1 4 3 2
4 2 1 3
2 3 4 1
1 4 3 2
4 1 3 2
1 4 3 2
2 4 1 3
1 4 2 3
3 4 1 2
1 2 3 4
4 1 3 2
2 1 4 3
3 4 2 1
2 4 3 1
3 1 4 2
4 2 3 1
4 2 3 1
1 2 3 4

16
cc23dab9-d4d1-4d1e-b070-c20ab10ac184
4c9164a1-fc5b-482f-8131-0dae867fea87
90dc72e2-4c5c-4228-b681-a42b57e51462
5bfd3bdc-721a-47ab-8bf4-1e191ef48513
ecaa6083-2d33-4804-8ddf-39617484830d
61242631-db42-481f-8785-194d637572fc
ea01efe4-7a45-46de-b67b-5004d3a7f9f8
c5cff9fc-2da7-43c9-a13a-90f4d84cc434
5d4587b9-9e0d-4d1a-b055-89baf350384d
6b499f45-cf79-4469-9e89-0278ea9edaae
579d8629-621b-4f85-a05e-cd21259b6c95
7eb18f45-d5a1-4661-8adf-a36751a920ef
bccdbb18-5bc0-4ea6-b55c-8279f3ad82ac
675197a0-b56a-4b5e-8caa-47b61a226d0c
7ad8b716-ab2f-415a-8756-f47aee7bf9f6
184ab665-95b0-4415-8e54-1dc6222bd47c
14 7 6 10 12 2 9 8 15 16 13 3 11 5 1 4
5 12 13 9 16 11 1 8 14 7 2 6 10 15 4 3
9 14 15 10 12 13 16 5 8 6 4 7 1 2 3 11
12 9 6 2 15 1 3 11 10 8 5 13 16 7 4 14
15 1 3 9 6 14 8 13 4 2 11 5 10 16 12 7
4 12 13 16 9 5 7 1 3 15 14 8 10 11 6 2
15 13 16 14 11 5 9 2 3 6 1 7 10 8 12 4
11 4 15 8 10 9 14 3 7 6 16 13 5 12 1 2
5 4 10 9 11 14 13 2 1 3 15 6 12 16 7 8
15 12 16 5 13 9 2 10 1 3 4 14 6 11 7 8
16 2 8 14 4 10 9 15 7 11 6 1 12 13 5 3
8 4 14 7 10 12 16 15 6 9 1 13 5 3 2 11
14 13 6 12 1 4 5 7 11 9 16 2 3 15 10 8
6 2 1 10 3 8 11 7 9 12 14 5 15 4 13 16
4 7 9 10 1 8 2 15 3 16 11 13 6 12 14 5
9 10 11 7 8 2 15 16 5 6 14 3 13 4 1 12
12 14 7 4 3 11 5 10 9 2 15 6 16 13 8 1
8 3 7 6 13 5 12 4 2 1 11 16 15 14 10 9
6 4 3 5 12 15 2 10 1 8 13 14 11 16 7 9
5 9 4 11 6 12 1 8 7 2 14 10 13 15 16 3
10 5 16 9 12 15 2 7 1 4 3 6 13 11 14 8
14 1 12 15 10 4 6 16 2 13 3 11 5 8 9 7
12 7 6 4 2 15 14 11 8 10 3 16 9 5 13 1
2 8 12 10 4 15 1 5 11 14 13 7 3 9 16 6
2 16 12 1 14 7 4 3 11 15 9 13 6 10 8 5
6 11 10 8 12 14 4 7 1 5 16 15 2 3 9 13
7 3 5 11 1 8 10 16 4 6 14 2 12 13 15 9
